101
24              0.00000000  0.05548437  0.04277260  0.06492702  0.03231591  0.05274176  0.03401780  0.05132828  0.04708256  0.04750914  0.05280183  0.02522020  0.06382818  0.06548073  0.05544667  0.05918875  0.06052775  0.06572065  0.07493523  0.06242752  0.01603455  0.06463493  0.06252120  0.06197700  0.07505005  0.05208734  0.05214445  0.06485492  0.06296147  0.06185649  0.05489905  0.06244914  0.07812087  0.03949362  0.06253128  0.08497538  0.05685793  0.04130318  0.04986724  0.04430387  0.04155997  0.03746582  0.04283760  0.05404725  0.06482889  0.06137057  0.06265984  0.05049418  0.06544226  0.05596179  0.05072983  0.05082205  0.06055979  0.04769702  0.05165499  0.05822823  0.06162831  0.04803209  0.06345154  0.05296977  0.05512305  0.06422259  0.06255282  0.06040419  0.05297063  0.04973901  0.06271506  0.05307041  0.04655316  0.06468146  0.05109946  0.05138199  0.05990054  0.06539555  0.06170871  0.05210188  0.05848528  0.05436929  0.05376385  0.04130648  0.06560407  0.05326251  0.04852584  0.05981314  0.06911409  0.05318055  0.06889293  0.04575583  0.05403683  0.04889702  0.07692365  0.06274522  0.06004160  0.06589600  0.06463865  0.05477338  0.05350391  0.04791789  0.04732117  0.05152559  0.06626775
25              0.05548437  0.00000000  0.05246569  0.06913659  0.05419502  0.05759625  0.05535083  0.05646099  0.05633502  0.05673084  0.05761822  0.05053190  0.06809091  0.06961022  0.06032892  0.06382691  0.06491814  0.07002217  0.07873032  0.06716522  0.05468660  0.07534874  0.06697505  0.06620625  0.07880374  0.05709393  0.05721747  0.06914658  0.06737505  0.06639247  0.05947261  0.06681862  0.08180780  0.04984205  0.06671451  0.08867478  0.00928343  0.05146314  0.04228405  0.05399919  0.05165570  0.04793065  0.05257825  0.05905905  0.06914254  0.06568410  0.06695752  0.05519330  0.06966042  0.06075685  0.05591797  0.05605485  0.06488519  0.05290968  0.05693280  0.06272694  0.06621997  0.04007283  0.06789684  0.05787383  0.06014272  0.06848124  0.06661465  0.06495007  0.05792125  0.05503569  0.06715247  0.05799831  0.03873430  0.06875749  0.05614939  0.05648485  0.06464068  0.06941297  0.06619978  0.05699967  0.06330765  0.05945333  0.05850660  0.05143260  0.06996553  0.05807435  0.05738724  0.06439043  0.07305075  0.04578961  0.07335352  0.05534575  0.05878931  0.05419682  0.08066372  0.06714767  0.06481718  0.07015046  0.06908240  0.05970060  0.05856317  0.05323140  0.05275412  0.05635877  0.07035263
26              0.04277260  0.05246569  0.00000000  0.06207455  0.04121262  0.04966107  0.04252988  0.04825451  0.02236500  0.02290773  0.04966731  0.03694243  0.06085799  0.06280286  0.05220792  0.05661608  0.05791828  0.06288475  0.07219168  0.05987415  0.04210122  0.06555233  0.05977367  0.05928812  0.07259449  0.04898201  0.04935964  0.06227223  0.06036333  0.05894102  0.05167559  0.05940515  0.07563447  0.03296230  0.05929559  0.08287577  0.05387779  0.03491537  0.04654901  0.01843598  0.03518760  0.03074660  0.00143166  0.05133993  0.06221721  0.05824201  0.05946414  0.04699146  0.06274201  0.05301257  0.04759249  0.04777020  0.05800849  0.04435752  0.04869182  0.05524559  0.05904450  0.04482113  0.06060880  0.04959572  0.05214431  0.06155803  0.05965258  0.05751196  0.04977827  0.04660755  0.05988369  0.05030954  0.04299921  0.06188882  0.04794195  0.04821034  0.05716305  0.06248428  0.05920498  0.04890574  0.05603767  0.05122588  0.05059780  0.03491850  0.06273356  0.05016349  0.02470019  0.05701892  0.06643070  0.05001993  0.06661526  0.03957071  0.05086619  0.04577982  0.07464359  0.06003119  0.05729223  0.06325147  0.06164856  0.05168403  0.05053954  0.04451733  0.04384559  0.04822850  0.06343782
27              0.06492702  0.06913659  0.06207455  0.00000000  0.06377891  0.05821606  0.06481810  0.05054332  0.06562387  0.06593804  0.05821429  0.06067721  0.06846893  0.07062973  0.06060616  0.05747735  0.06608054  0.06401959  0.07345494  0.06076592  0.06450251  0.08260363  0.06789181  0.06744727  0.07961783  0.05823714  0.05821846  0.07028478  0.06846887  0.06725629  0.06049644  0.06711897  0.07665543  0.05966192  0.06735430  0.08891847  0.07016692  0.06104888  0.06433767  0.06334552  0.06121372  0.05795931  0.06216611  0.05219009  0.06320945  0.06623613  0.06738985  0.05631513  0.07091969  0.06161845  0.05702314  0.05713589  0.06606596  0.05394258  0.05789782  0.06371804  0.05988323  0.06278937  0.06860538  0.05883472  0.06095713  0.06940962  0.06797412  0.06600152  0.05887811  0.05584603  0.06806979  0.05904120  0.06143831  0.06368609  0.05658576  0.05042836  0.05825045  0.06997041  0.06018552  0.05756252  0.05711352  0.05980034  0.05288923  0.06103041  0.06391483  0.05849585  0.06670969  0.05813369  0.06850844  0.06694169  0.06764987  0.06451731  0.05302400  0.04667179  0.07529714  0.06821569  0.06572062  0.07113362  0.06981326  0.06061136  0.05942181  0.05408401  0.05331794  0.05731708  0.07129089
20              0.03231591  0.05419502  0.04121262  0.06377891  0.00000000  0.05146028  0.01448659  0.05003821  0.04553348  0.04585041  0.05154031  0.02533900  0.06271432  0.06441074  0.05402048  0.05804064  0.05932545  0.06444595  0.07387152  0.06127393  0.03163888  0.06333636  0.06111183  0.06076882  0.07389671  0.05086561  0.05090110  0.06375939  0.06181927  0.06066768  0.05376501  0.06133904  0.07701236  0.03788527  0.06091367  0.08432394  0.05556602  0.03985453  0.04830824  0.04287864  0.04016144  0.03587867  0.04134752  0.05283935  0.06380706  0.06004746  0.06145566  0.04914530  0.06412630  0.05465044  0.04941006  0.04962988  0.05938417  0.04629540  0.05060904  0.05701384  0.06049015  0.04656423  0.06226858  0.05168274  0.05387359  0.06291631  0.06114123  0.05918365  0.05171215  0.04839778  0.06150653  0.05184516  0.04503188  0.06343461  0.04978927  0.05001507  0.05876460  0.06412409  0.06057554  0.05071402  0.05736910  0.05303713  0.05234483  0.03983231  0.06436543  0.05195637  0.04702076  0.05881740  0.06797406  0.05179980  0.06806229  0.04417066  0.05257880  0.04753436  0.07593417  0.06179034  0.05886180  0.06492121  0.06321709  0.05339540  0.05221799  0.04647585  0.04593745  0.05027096  0.06497605
21              0.05274176  0.05759625  0.04966107  0.05821606  0.05146028  0.00000000  0.05279175  0.04338952  0.05364047  0.05400104  0.02858893  0.04777258  0.05738097  0.05916710  0.03187827  0.05224277  0.05407515  0.05922673  0.06908905  0.05589774  0.05220730  0.07301214  0.05590139  0.05560909  0.06964509  0.04486618  0.04493383  0.05821792  0.05670809  0.05553945  0.04760694  0.05574438  0.07245095  0.04695910  0.05574770  0.08028678  0.05893149  0.04853890  0.05223090  0.05109167  0.04865821  0.04500180  0.04979366  0.04669325  0.05813764  0.04037909  0.05587711  0.04271378  0.05918852  0.04904559  0.04335404  0.04349194  0.05414261  0.03966673  0.04426117  0.05148279  0.05469253  0.05037851  0.05709626  0.04572539  0.04774185  0.05793321  0.05589227  0.05400860  0.04579880  0.04205474  0.05644932  0.04603351  0.04878061  0.05798325  0.02748215  0.04352242  0.05289875  0.04523327  0.05488333  0.00940354  0.05166471  0.03189574  0.04613392  0.04852268  0.05921851  0.02915942  0.05513705  0.05271315  0.06280998  0.05537392  0.06297701  0.05257302  0.04627412  0.04078078  0.07095512  0.05628678  0.05371954  0.05967250  0.05818315  0.04747426  0.04612699  0.03991223  0.03940306  0.04398088  0.05986836
22              0.03401780  0.05535083  0.04252988  0.06481810  0.01448659  0.05279175  0.00000000  0.05129117  0.04693498  0.04734195  0.05285403  0.02724362  0.06383281  0.06546205  0.05531023  0.05936057  0.06031961  0.06559181  0.07474859  0.06259461  0.03322762  0.06446173  0.06223163  0.06188598  0.07487400  0.05209064  0.05222683  0.06479998  0.06290404  0.06169535  0.05503458  0.06240480  0.07805304  0.03937782  0.06215522  0.08521451  0.05667022  0.04133044  0.04971212  0.04438432  0.04141110  0.03732996  0.04270508  0.05405336  0.06478316  0.06138481  0.06258639  0.05048281  0.06514192  0.05589693  0.05082544  0.05095490  0.06046193  0.04769816  0.05187479  0.05821307  0.06164379  0.04814504  0.06343565  0.05299449  0.05500784  0.06397654  0.06230164  0.06034159  0.05302666  0.04958186  0.06272137  0.05304330  0.04633299  0.06450541  0.05111082  0.05138199  0.05993622  0.06527147  0.06173534  0.05212112  0.05853330  0.05430335  0.05366984  0.04128846  0.06555141  0.05321253  0.04856137  0.06001349  0.06903340  0.05304096  0.06908468  0.04551018  0.05383602  0.04891435  0.07713781  0.06291535  0.06001862  0.06594529  0.06458137  0.05468904  0.05337130  0.04781264  0.04736646  0.05158895  0.06610788
23              0.05132828  0.05646099  0.04825451  0.05054332  0.05003821  0.04338952  0.05129117  0.00000000  0.05217910  0.05254177  0.04345815  0.04616909  0.05617973  0.05800976  0.04625002  0.04384004  0.05263208  0.05161122  0.06248826  0.04764192  0.05084263  0.07212759  0.05488856  0.05419652  0.06830642  0.04329811  0.04329574  0.05738699  0.05540926  0.05391738  0.04631685  0.05456464  0.06621091  0.04527349  0.05435054  0.07922577  0.05778902  0.04688473  0.05062407  0.04959519  0.04706350  0.04328906  0.04838557  0.03749198  0.05075291  0.05292480  0.05475041  0.04135495  0.05807812  0.04738016  0.04184358  0.04196473  0.05269153  0.03819629  0.04292644  0.04999321  0.04672442  0.04911457  0.05581595  0.04413569  0.04675207  0.05653876  0.05465029  0.05255736  0.04422816  0.04062592  0.05511330  0.04431800  0.04734239  0.04972998  0.04149749  0.00828773  0.04466739  0.05720145  0.04685206  0.04268408  0.04302976  0.04515823  0.03646148  0.04690806  0.05146124  0.04380672  0.05342726  0.04461201  0.05512870  0.05397495  0.05560871  0.05113842  0.03668602  0.03091515  0.06480912  0.05518917  0.05235819  0.05863071  0.05669811  0.04607247  0.04494691  0.03831739  0.03776720  0.04260232  0.05896136
28              0.04708256  0.05633502  0.02236500  0.06562387  0.04553348  0.05364047  0.04693498  0.05217910  0.00000000  0.00639278  0.05367876  0.04155315  0.06433036  0.06603692  0.05623663  0.06024112  0.06146218  0.06614939  0.07516426  0.06335122  0.04649497  0.06868286  0.06334498  0.06298092  0.07564104  0.05308278  0.05326787  0.06554397  0.06392413  0.06229482  0.05552081  0.06281023  0.07826081  0.03786706  0.06300138  0.08567584  0.05764253  0.03966248  0.05067369  0.02261820  0.03994015  0.03586621  0.02262348  0.05505251  0.06542587  0.06208447  0.06301724  0.05113150  0.06626928  0.05693340  0.05148370  0.05166789  0.06151648  0.04853776  0.05270630  0.05911101  0.06248216  0.04913539  0.06406631  0.05365099  0.05604676  0.06514395  0.06339610  0.06112255  0.05380722  0.05073634  0.06334417  0.05424429  0.04740422  0.06520294  0.05192955  0.05221002  0.06065462  0.06608407  0.06267666  0.05287093  0.05958847  0.05510156  0.05450236  0.03967340  0.06604438  0.05400366  0.02222945  0.06064282  0.06965314  0.05399184  0.06993428  0.04389111  0.05465633  0.04994706  0.07745974  0.06353531  0.06088817  0.06670769  0.06511906  0.05562573  0.05443770  0.04876543  0.04822952  0.05223067  0.06692512
29              0.04750914  0.05673084  0.02290773  0.06593804  0.04585041  0.05400104  0.04734195  0.05254177  0.00639278  0.00000000  0.05403866  0.04191149  0.06465126  0.06632963  0.05653994  0.06057557  0.06179954  0.06648757  0.07544142  0.06362587  0.04677390  0.06910292  0.06357855  0.06319574  0.07592813  0.05328647  0.05348847  0.06583977  0.06421724  0.06263185  0.05588043  0.06323657  0.07863826  0.03832522  0.06328552  0.08595873  0.05802723  0.04003754  0.05103539  0.02315333  0.04049619  0.03628260  0.02317136  0.05540241  0.06581560  0.06233035  0.06337135  0.05148445  0.06649595  0.05732644  0.05182676  0.05200729  0.06189194  0.04896560  0.05305843  0.05952652  0.06280915  0.04955418  0.06432015  0.05404110  0.05647095  0.06542442  0.06369481  0.06134599  0.05418336  0.05108766  0.06358865  0.05449824  0.04784376  0.06553179  0.05233055  0.05257949  0.06100074  0.06633816  0.06293604  0.05323579  0.05991602  0.05543762  0.05478734  0.04007714  0.06633883  0.05433045  0.02281557  0.06097092  0.06991995  0.05441670  0.07037248  0.04437242  0.05499028  0.05029509  0.07769877  0.06390014  0.06114861  0.06699473  0.06553818  0.05604594  0.05483141  0.04916252  0.04866347  0.05263406  0.06720979
4               0.05280183  0.05761822  0.04966731  0.05821429  0.05154031  0.02858893  0.05285403  0.04345815  0.05367876  0.05403866  0.00000000  0.04777858  0.05732477  0.05931272  0.03092160  0.05222273  0.05417648  0.05923253  0.06899294  0.05587068  0.05222239  0.07308005  0.05590371  0.05565257  0.06955987  0.04485736  0.04501581  0.05847367  0.05683495  0.05553784  0.04772295  0.05570224  0.07251189  0.04702517  0.05568804  0.08019472  0.05880970  0.04862903  0.05211726  0.05098558  0.04865917  0.04507230  0.04978712  0.04660439  0.05820236  0.03975038  0.05593133  0.04281280  0.05922083  0.04889042  0.04340730  0.04361778  0.05427611  0.03987231  0.04417377  0.05139717  0.05476441  0.05044086  0.05711080  0.04568692  0.04793215  0.05765097  0.05592514  0.05407689  0.04584204  0.04202965  0.05650598  0.04603099  0.04882189  0.05797196  0.02739802  0.04346690  0.05290311  0.04484299  0.05477190  0.02749890  0.05170052  0.03192657  0.04602083  0.04859567  0.05913877  0.01723035  0.05503054  0.05285260  0.06278192  0.05526291  0.06287894  0.05250559  0.04619545  0.04088247  0.07095791  0.05654612  0.05373899  0.05994256  0.05809452  0.04737768  0.04614693  0.03998489  0.03965671  0.04409024  0.05990903
8               0.02522020  0.05053190  0.03694243  0.06067721  0.02533900  0.04777258  0.02724362  0.04616909  0.04155315  0.04191149  0.04777858  0.00000000  0.05939315  0.06108872  0.05070134  0.05453041  0.05592113  0.06136010  0.07097408  0.05794786  0.02433509  0.06015791  0.05804587  0.05755635  0.07138664  0.04695140  0.04706556  0.06071959  0.05851566  0.05742924  0.04999286  0.05789883  0.07427032  0.03347822  0.05784457  0.08154203  0.05195105  0.03547765  0.04452920  0.03863528  0.03563831  0.03116559  0.03706042  0.04915488  0.06045395  0.05688892  0.05804773  0.04522371  0.06108859  0.05118889  0.04568635  0.04586235  0.05602131  0.04239026  0.04677985  0.05354036  0.05726080  0.04275621  0.05904617  0.04786454  0.05018101  0.05982197  0.05787374  0.05594799  0.04796363  0.04450523  0.05837212  0.04796087  0.04099047  0.06018500  0.04589018  0.04625362  0.05538695  0.06095843  0.05715538  0.04707226  0.05398175  0.04951936  0.04860694  0.03549640  0.06123464  0.04828509  0.04311836  0.05528145  0.06495695  0.04797186  0.06494117  0.04000931  0.04884152  0.04356121  0.07319902  0.05860352  0.05562640  0.06186174  0.06022895  0.04981197  0.04848256  0.04260402  0.04190539  0.04639662  0.06192604
59              0.06382818  0.06809091  0.06085799  0.06846893  0.06271432  0.05738097  0.06383281  0.05617973  0.06433036  0.06465126  0.05732477  0.05939315  0.00000000  0.04777115  0.05994393  0.06352675  0.06232106  0.06958829  0.07840735  0.06668619  0.06326641  0.08188989  0.06416914  0.06348723  0.07643349  0.05405596  0.05399554  0.06635785  0.06467665  0.06361829  0.05044223  0.00780722  0.08147867  0.05838698  0.03185877  0.08808852  0.06905060  0.05993146  0.06326084  0.06214425  0.06003209  0.05683194  0.06097899  0.05882687  0.06872811  0.06543878  0.01564708  0.04566364  0.06716693  0.05879635  0.05282272  0.05285744  0.06230879  0.04278732  0.05372515  0.05992104  0.06568836  0.06172542  0.06511002  0.03639794  0.05782236  0.06570502  0.06515711  0.06228648  0.03652902  0.05268798  0.06430615  0.05492336  0.06053315  0.06883482  0.05586585  0.05616202  0.06441942  0.06913023  0.06591991  0.05656741  0.06300758  0.05898433  0.05826498  0.05982840  0.06957115  0.05787133  0.06553324  0.06419494  0.07286514  0.06605116  0.07299133  0.06347174  0.05844119  0.05382538  0.08080988  0.06442229  0.06193950  0.06744366  0.06598782  0.05754868  0.05620649  0.04977942  0.04258704  0.04673751  0.03913092
58              0.06548073  0.06961022  0.06280286  0.07062973  0.06441074  0.05916710  0.06546205  0.05800976  0.06603692  0.06632963  0.05931272  0.06108872  0.04777115  0.00000000  0.06170581  0.06539860  0.06403214  0.07111721  0.07998223  0.06861714  0.06494240  0.08340663  0.06571873  0.06533043  0.07788137  0.05614191  0.05602663  0.06811061  0.06635443  0.06526005  0.05232109  0.04590793  0.08306127  0.06050703  0.04597651  0.08964973  0.07070825  0.06184103  0.06498536  0.06398701  0.06186539  0.05883869  0.06292213  0.06061992  0.07019447  0.06714664  0.04620626  0.04769403  0.06869362  0.06082697  0.05472823  0.05501883  0.06404641  0.04461881  0.05572886  0.06167239  0.06756736  0.06348541  0.06658009  0.03847552  0.05966652  0.06743705  0.06672382  0.06396352  0.03860752  0.05455694  0.06594174  0.05690928  0.06213603  0.07045009  0.05784594  0.05802768  0.06590298  0.07082883  0.06766673  0.05843779  0.06486482  0.06072572  0.06015712  0.06178694  0.07106005  0.05963305  0.06736315  0.06596037  0.07434105  0.06754571  0.07454400  0.06531574  0.06007603  0.05577757  0.08205738  0.06632162  0.06365863  0.06933192  0.06772931  0.05950553  0.05814790  0.05151423  0.04468893  0.04887704  0.05048534
55              0.05544667  0.06032892  0.05220792  0.06060616  0.05402048  0.03187827  0.05531023  0.04625002  0.05623663  0.05653994  0.03092160  0.05070134  0.05994393  0.06170581  0.00000000  0.05474312  0.05639211  0.06169269  0.07100668  0.05811143  0.05492970  0.07502800  0.05842407  0.05776738  0.07166511  0.04748806  0.04764764  0.06102201  0.05901802  0.05790001  0.05024220  0.05835305  0.07435449  0.04974924  0.05828083  0.08225658  0.06158539  0.05133792  0.05468979  0.05364181  0.05153733  0.04801672  0.05236066  0.04924232  0.06064828  0.04271970  0.05859646  0.04564060  0.06171587  0.05162597  0.04619419  0.04632426  0.05648856  0.04278235  0.04723643  0.05397942  0.05759556  0.05307222  0.05938892  0.04845726  0.05056942  0.06025325  0.05815240  0.05622942  0.04856252  0.04493222  0.05870987  0.04862738  0.05148785  0.06042158  0.03096120  0.04627733  0.05561900  0.04754064  0.05729727  0.03085755  0.05414307  0.03515160  0.04896285  0.05126815  0.06158978  0.03156863  0.05737343  0.05536177  0.06514346  0.05786943  0.06540117  0.05514785  0.04902953  0.04379374  0.07337797  0.05879701  0.05615851  0.06212977  0.06063652  0.05026215  0.04896647  0.04285579  0.04255482  0.04690829  0.06240359
54              0.05918875  0.06382691  0.05661608  0.05747735  0.05804064  0.05224277  0.05936057  0.04384004  0.06024112  0.06057557  0.05222273  0.05453041  0.06352675  0.06539860  0.05474312  0.00000000  0.06059597  0.05781151  0.06797735  0.02378193  0.05860066  0.07811801  0.06249780  0.06215125  0.07526164  0.05234842  0.05228665  0.06478125  0.06303731  0.06193080  0.05481735  0.06206918  0.07131915  0.05374966  0.06235402  0.08512366  0.06491105  0.05523257  0.05857138  0.05781443  0.05546364  0.05204703  0.05672848  0.01970932  0.05711254  0.06096966  0.06235194  0.05026324  0.06554490  0.05596852  0.05089866  0.05103872  0.06057753  0.04759848  0.05186419  0.05809763  0.05129501  0.05712305  0.06337035  0.05283253  0.05535029  0.06401533  0.06239744  0.06043367  0.05291785  0.04968036  0.06263925  0.05321366  0.05542963  0.05836832  0.05070888  0.04378724  0.04941342  0.06483159  0.02646188  0.05144824  0.01594850  0.05409845  0.04668888  0.05521242  0.05784337  0.05260287  0.06151666  0.04946664  0.06322805  0.06158842  0.04930304  0.05899573  0.04666667  0.03018708  0.06831094  0.06285184  0.06037521  0.06584740  0.06424685  0.05472664  0.05359925  0.04794823  0.04740168  0.05141283  0.06611938
57              0.06052775  0.06491814  0.05791828  0.06608054  0.05932545  0.05407515  0.06031961  0.05263208  0.06146218  0.06179954  0.05417648  0.05592113  0.06232106  0.06403214  0.05639211  0.06059597  0.00000000  0.06662234  0.07575300  0.06360916  0.06008887  0.07904621  0.05933312  0.04314477  0.07286104  0.04009691  0.03078845  0.06202644  0.02778676  0.05888146  0.05325162  0.06094065  0.07903825  0.05528797  0.06071814  0.08561243  0.06612403  0.05674608  0.06004602  0.05903289  0.05692743  0.05360993  0.05796724  0.05547950  0.06587901  0.06237512  0.06128779  0.04863893  0.06270925  0.05520037  0.04508354  0.04516885  0.00377040  0.04592376  0.04786113  0.05461032  0.06296066  0.05855138  0.06034079  0.05143002  0.05454119  0.06061910  0.06150424  0.05733447  0.05146695  0.04909341  0.05953556  0.03202001  0.05709956  0.06551071  0.05233060  0.05275000  0.06126180  0.06594490  0.06296782  0.05327411  0.05993136  0.05567718  0.05498690  0.05676063  0.06659958  0.05442163  0.06282250  0.06119402  0.07010066  0.06311590  0.07010016  0.06036665  0.05510040  0.05024208  0.07806267  0.05948542  0.05719679  0.06246432  0.06086638  0.05388437  0.05289089  0.04337021  0.04566982  0.04976376  0.06495517
56              0.06572065  0.07002217  0.06288475  0.06401959  0.06444595  0.05922673  0.06559181  0.05161122  0.06614939  0.06648757  0.05923253  0.06136010  0.06958829  0.07111721  0.06169269  0.05781151  0.06662234  0.00000000  0.05657004  0.06122986  0.06500329  0.08331266  0.06882813  0.06797352  0.08057837  0.05905054  0.05908905  0.07099576  0.06884826  0.06783460  0.06146136  0.06831059  0.06026896  0.06060403  0.06835654  0.08996826  0.07112145  0.06184949  0.06521313  0.06403316  0.06221949  0.05894638  0.06294502  0.05255516  0.02772581  0.06712841  0.06857036  0.05740486  0.07153184  0.06272117  0.05782118  0.05791130  0.06663958  0.05486716  0.05869707  0.06450906  0.06050868  0.06387012  0.06927104  0.05976480  0.06168304  0.07022718  0.06833356  0.06652223  0.05982731  0.05677357  0.06866633  0.05990578  0.06252655  0.06476944  0.05776696  0.05167017  0.05875091  0.07063926  0.06047854  0.05854419  0.05713822  0.06076043  0.05393777  0.06183629  0.00435272  0.05945350  0.06735710  0.05848631  0.06910814  0.06804994  0.06806210  0.06541767  0.05420810  0.04714939  0.07585958  0.06907096  0.06633691  0.07190425  0.07060993  0.06148206  0.06014634  0.05504113  0.05457874  0.05835788  0.07206169
51              0.07493523  0.07873032  0.07219168  0.07345494  0.07387152  0.06908905  0.07474859  0.06248826  0.07516426  0.07544142  0.06899294  0.07097408  0.07840735  0.07998223  0.07100668  0.06797735  0.07575300  0.05657004  0.00000000  0.07091559  0.07452390  0.09092171  0.07762872  0.07720537  0.08864810  0.06895786  0.06914830  0.07972571  0.07823443  0.07715055  0.07127483  0.07729560  0.02648719  0.07035246  0.07721346  0.09694609  0.07974078  0.07167716  0.07432488  0.07342166  0.07163883  0.06890309  0.07227504  0.06312088  0.05566864  0.07607546  0.07737016  0.06745773  0.08009887  0.07216871  0.06793812  0.06796099  0.07581886  0.06541359  0.06866994  0.07373340  0.07006024  0.07323265  0.07808861  0.06957704  0.07145033  0.07890862  0.07738251  0.07581714  0.06961370  0.06699773  0.07763012  0.06986096  0.07183645  0.07433574  0.06777854  0.06236528  0.06841533  0.07919285  0.06982640  0.06841014  0.06730154  0.07049654  0.06467625  0.07181350  0.05652760  0.06953628  0.07624703  0.06863542  0.07812303  0.07679723  0.07691942  0.07476198  0.06481497  0.05845282  0.08422612  0.07826388  0.07574650  0.08082230  0.07938346  0.07117046  0.07001200  0.06560881  0.06537793  0.06855202  0.08067646
50              0.06242752  0.06716522  0.05987415  0.06076592  0.06127393  0.05589774  0.06259461  0.04764192  0.06335122  0.06362587  0.05587068  0.05794786  0.06668619  0.06861714  0.05811143  0.02378193  0.06360916  0.06122986  0.07091559  0.00000000  0.06189747  0.08055710  0.06562477  0.06517233  0.07787308  0.05575765  0.05558564  0.06762940  0.06614004  0.06490640  0.05818651  0.06536547  0.07408158  0.05724334  0.06551491  0.08737093  0.06817561  0.05871796  0.06191981  0.06105649  0.05889336  0.05569655  0.05996563  0.02516116  0.06050750  0.06407940  0.06562519  0.05382746  0.06837171  0.05923521  0.05428111  0.05439140  0.06362394  0.05130617  0.05540765  0.06143325  0.05495472  0.06044332  0.06619909  0.05625606  0.05864268  0.06712826  0.06556716  0.06341605  0.05634362  0.05332643  0.06550549  0.05654964  0.05910786  0.06168420  0.05402423  0.04778744  0.05304793  0.06784310  0.03149756  0.05508425  0.02270163  0.05734839  0.05028835  0.05865380  0.06117859  0.05626614  0.06457698  0.05311949  0.06629352  0.06485039  0.05315678  0.06239389  0.05039152  0.03500554  0.07107209  0.06592389  0.06323521  0.06884433  0.06727898  0.05807704  0.05687951  0.05164016  0.05098241  0.05493004  0.06927696
53              0.01603455  0.05468660  0.04210122  0.06450251  0.03163888  0.05220730  0.03322762  0.05084263  0.04649497  0.04677390  0.05222239  0.02433509  0.06326641  0.06494240  0.05492970  0.05860066  0.06008887  0.06500329  0.07452390  0.06189747  0.00000000  0.06414337  0.06214699  0.06157907  0.07459307  0.05145915  0.05162847  0.06457772  0.06267222  0.06140120  0.05437091  0.06188049  0.07767870  0.03882380  0.06182811  0.08448309  0.05597579  0.04069411  0.04914718  0.04375793  0.04093864  0.03667574  0.04221441  0.05349175  0.06439943  0.06086018  0.06210265  0.04979812  0.06501058  0.05541429  0.05012064  0.05025444  0.06015964  0.04702227  0.05114979  0.05762138  0.06125604  0.04720912  0.06296624  0.05246991  0.05447008  0.06374438  0.06194358  0.06001772  0.05251176  0.04898469  0.06219957  0.05258034  0.04581128  0.06407029  0.05064792  0.05093965  0.05954295  0.06481227  0.06109525  0.05150913  0.05790803  0.05379316  0.05307677  0.04070693  0.06495017  0.05273459  0.04799900  0.05946709  0.06854239  0.05238123  0.06842641  0.04502495  0.05325111  0.04829618  0.07635587  0.06237507  0.05970143  0.06550286  0.06414892  0.05413956  0.05288211  0.04729808  0.04673848  0.05096294  0.06563832
52              0.06463493  0.07534874  0.06555233  0.08260363  0.06333636  0.07301214  0.06446173  0.07212759  0.06868286  0.06910292  0.07308005  0.06015791  0.08188989  0.08340663  0.07502800  0.07811801  0.07904621  0.08331266  0.09092171  0.08055710  0.06414337  0.00000000  0.08076530  0.08035138  0.09095816  0.07246936  0.07248743  0.08273667  0.08102980  0.08012318  0.07463442  0.08073744  0.09335615  0.06296002  0.08032104  0.09946560  0.07630323  0.06435233  0.07081563  0.06672171  0.06451516  0.06157318  0.06563608  0.07401478  0.08262592  0.07956907  0.08085571  0.07099373  0.08306028  0.07556193  0.07148756  0.07153939  0.07915903  0.06891906  0.07233391  0.07745811  0.08040723  0.06963912  0.08142450  0.07307987  0.07496514  0.08203891  0.08075309  0.07908899  0.07312197  0.07058223  0.08088658  0.07322169  0.06832255  0.08272335  0.07149224  0.07212775  0.07893003  0.08267702  0.08013056  0.07234288  0.07765940  0.07429238  0.07394760  0.06438724  0.08318836  0.07336490  0.06985613  0.07862570  0.08636454  0.07355230  0.08656926  0.06807218  0.07409518  0.07007956  0.09273060  0.08100347  0.07880274  0.08353204  0.08241528  0.07463169  0.07346471  0.06912045  0.06877663  0.07187023  0.08403412
88              0.06252120  0.06697505  0.05977367  0.06789181  0.06111183  0.05590139  0.06223163  0.05488856  0.06334498  0.06357855  0.05590371  0.05804587  0.06416914  0.06571873  0.05842407  0.06249780  0.05933312  0.06882813  0.07762872  0.06562477  0.06214699  0.08076530  0.00000000  0.06093962  0.07458152  0.05099380  0.05102571  0.03924376  0.06205314  0.03717875  0.05535675  0.06275118  0.08066636  0.05729075  0.06272037  0.08687018  0.06804562  0.05870754  0.06213967  0.06098744  0.05900678  0.05562800  0.05989067  0.05740076  0.06805910  0.06417216  0.06298158  0.05086881  0.02680398  0.05745294  0.04960221  0.04961914  0.05936751  0.04801994  0.05048999  0.05732347  0.06477586  0.06056718  0.03904276  0.05338054  0.05657449  0.06323741  0.06380286  0.03523059  0.05351959  0.05126072  0.03821477  0.05198547  0.05928226  0.06760233  0.05432532  0.05478675  0.06307815  0.06783844  0.06482157  0.05524135  0.06190951  0.05769963  0.05694317  0.05874328  0.06876456  0.05643537  0.06458674  0.06301472  0.07187156  0.06492005  0.07186784  0.06224817  0.05713432  0.05258157  0.07936549  0.06181443  0.03490271  0.06487217  0.06346857  0.05591855  0.05506471  0.04649016  0.04784209  0.05206395  0.06671776
89              0.06197700  0.06620625  0.05928812  0.06744727  0.06076882  0.05560909  0.06188598  0.05419652  0.06298092  0.06319574  0.05565257  0.05755635  0.06348723  0.06533043  0.05776738  0.06215125  0.04314477  0.06797352  0.07720537  0.06517233  0.06157907  0.08035138  0.06093962  0.00000000  0.07417910  0.04160840  0.03025186  0.06325302  0.04632992  0.06022052  0.05489930  0.06204784  0.08029565  0.05669243  0.06207268  0.08677695  0.06728122  0.05805708  0.06150876  0.06044962  0.05834807  0.05510322  0.05938488  0.05699345  0.06754407  0.06396466  0.06235648  0.05015556  0.06402188  0.05686453  0.04651560  0.04671550  0.04309794  0.04748007  0.04950900  0.05597460  0.06431984  0.05982605  0.06174990  0.05279292  0.05593705  0.06219868  0.06318799  0.05869377  0.05279831  0.05056840  0.06101923  0.03145145  0.05846598  0.06716126  0.05392504  0.05417476  0.06275636  0.06767529  0.06428675  0.05490400  0.06156676  0.05700344  0.05649399  0.05815897  0.06797595  0.05580695  0.06424665  0.06269212  0.07137561  0.06412749  0.07154823  0.06170697  0.05669642  0.05191357  0.07936607  0.06059418  0.05851176  0.06381443  0.06229340  0.05562877  0.05426178  0.04487897  0.04710359  0.05138822  0.06620448
82              0.07505005  0.07880374  0.07259449  0.07961783  0.07389671  0.06964509  0.07487400  0.06830642  0.07564104  0.07592813  0.06955987  0.07138664  0.07643349  0.07788137  0.07166511  0.07526164  0.07286104  0.08057837  0.08864810  0.07787308  0.07459307  0.09095816  0.07458152  0.07417910  0.00000000  0.06546819  0.06548807  0.07654073  0.07486661  0.07387268  0.06893160  0.07520815  0.09123023  0.07088508  0.07519780  0.09683931  0.07985736  0.07198202  0.07438230  0.07356049  0.07201687  0.06924184  0.07270164  0.07070915  0.07985858  0.07676402  0.07544685  0.06490143  0.07719626  0.07059395  0.06414329  0.06422300  0.07287386  0.06270082  0.06486179  0.07068704  0.07730555  0.07336452  0.07532238  0.06703712  0.07001033  0.07578697  0.07629207  0.07275794  0.06717417  0.06536119  0.07476785  0.06641583  0.07218848  0.07961994  0.06815973  0.06821008  0.07561416  0.07998933  0.07714069  0.06902395  0.07468802  0.07108566  0.07036262  0.07204882  0.08047403  0.06979705  0.07683982  0.07557913  0.08333417  0.07691224  0.08357229  0.07506084  0.07041303  0.06637442  0.09025145  0.07451314  0.07266601  0.07718750  0.07617135  0.06958711  0.06866261  0.06133212  0.06210488  0.06606495  0.07857041
83              0.05208734  0.05709393  0.04898201  0.05823714  0.05086561  0.04486618  0.05209064  0.04329811  0.05308278  0.05328647  0.04485736  0.04695140  0.05405596  0.05614191  0.04748806  0.05234842  0.04009691  0.05905054  0.06895786  0.05575765  0.05145915  0.07246936  0.05099380  0.04160840  0.06546819  0.00000000  0.02875966  0.05351626  0.04332572  0.05029551  0.04411455  0.05245415  0.07231316  0.04622491  0.05246654  0.07951584  0.05825895  0.04789133  0.05166102  0.05036695  0.04807005  0.04438090  0.04910653  0.04659134  0.05812865  0.05390628  0.05286875  0.03878681  0.05451189  0.04636632  0.03487517  0.03499122  0.04011328  0.03569902  0.03781358  0.04555060  0.05467689  0.04977773  0.05207168  0.04173685  0.04538278  0.05253749  0.05345960  0.04862309  0.04187685  0.03919885  0.05122037  0.02989068  0.04817227  0.05789793  0.04277225  0.04339428  0.05284404  0.05828854  0.05495712  0.04391240  0.05164249  0.04641219  0.04586328  0.04793064  0.05897765  0.04538490  0.05449164  0.05281556  0.06267516  0.05473537  0.06279416  0.05195603  0.04619024  0.04073929  0.07099390  0.05097952  0.04851870  0.05439847  0.05219103  0.04492720  0.04358129  0.03241188  0.03526125  0.04013616  0.05693754
80              0.05214445  0.05721747  0.04935964  0.05821846  0.05090110  0.04493383  0.05222683  0.04329574  0.05326787  0.05348847  0.04501581  0.04706556  0.05399554  0.05602663  0.04764764  0.05228665  0.03078845  0.05908905  0.06914830  0.05558564  0.05162847  0.07248743  0.05102571  0.03025186  0.06548807  0.02875966  0.00000000  0.05367884  0.03446483  0.05031643  0.04410303  0.05240642  0.07249325  0.04626646  0.05239492  0.07953027  0.05843877  0.04791538  0.05185970  0.05055191  0.04828375  0.04434035  0.04950792  0.04635110  0.05823766  0.05410072  0.05278544  0.03879856  0.05456397  0.04656991  0.03463779  0.03478631  0.03078563  0.03569160  0.03795593  0.04551944  0.05477122  0.04990303  0.05194131  0.04204963  0.04537876  0.05238865  0.05341902  0.04857365  0.04206626  0.03927351  0.05118755  0.00703431  0.04847932  0.05787109  0.04296404  0.04336735  0.05287565  0.05814920  0.05483376  0.04415861  0.05157316  0.04658831  0.04593663  0.04793459  0.05904701  0.04545728  0.05461064  0.05289577  0.06263243  0.05488804  0.06282709  0.05185521  0.04618450  0.04070638  0.07109410  0.05094422  0.04835929  0.05454517  0.05227812  0.04498988  0.04363432  0.03260110  0.03527532  0.04012682  0.05703002
81              0.06485492  0.06914658  0.06227223  0.07028478  0.06375939  0.05821792  0.06479998  0.05738699  0.06554397  0.06583977  0.05847367  0.06071959  0.06635785  0.06811061  0.06102201  0.06478125  0.06202644  0.07099576  0.07972571  0.06762940  0.06457772  0.08273667  0.03924376  0.06325302  0.07654073  0.05351626  0.05367884  0.00000000  0.06458281  0.04028347  0.05779150  0.06497603  0.08258927  0.05963913  0.06507946  0.08914940  0.07019455  0.06113298  0.06434309  0.06347593  0.06141652  0.05823153  0.06238540  0.05996137  0.07015693  0.06676947  0.06530975  0.05342723  0.04352353  0.06016476  0.05215859  0.05219897  0.06211176  0.05074234  0.05324172  0.05966639  0.06688783  0.06301798  0.04200401  0.05597713  0.05912587  0.06530525  0.06632476  0.03835162  0.05619465  0.05390855  0.04113152  0.05463141  0.06164464  0.06992819  0.05693562  0.05738468  0.06524783  0.07047988  0.06702459  0.05778593  0.06406972  0.06015025  0.05949273  0.06111609  0.07086851  0.05883732  0.06691920  0.06536474  0.07401285  0.06708136  0.07405215  0.06459212  0.05953275  0.05518468  0.08145636  0.06412790  0.03806935  0.06713472  0.06574750  0.05882221  0.05772812  0.04926870  0.05047853  0.05455458  0.06909200
86              0.06296147  0.06737505  0.06036333  0.06846887  0.06181927  0.05670809  0.06290404  0.05540926  0.06392413  0.06421724  0.05683495  0.05851566  0.06467665  0.06635443  0.05901802  0.06303731  0.02778676  0.06884826  0.07823443  0.06614004  0.06267222  0.08102980  0.06205314  0.04632992  0.07486661  0.04332572  0.03446483  0.06458281  0.00000000  0.06134373  0.05603210  0.06328591  0.08119002  0.05778439  0.06320580  0.08770978  0.06845702  0.05922185  0.06235537  0.06152620  0.05950383  0.05630254  0.06047837  0.05815190  0.06823097  0.06489086  0.06357314  0.05169439  0.06531766  0.05806816  0.04806128  0.04815764  0.02780523  0.04894241  0.05077837  0.05734592  0.06553695  0.06111878  0.06282034  0.05421367  0.05710938  0.06326100  0.06414067  0.05987264  0.05428652  0.05198414  0.06213853  0.03558938  0.05965966  0.06795771  0.05505018  0.05556178  0.06381131  0.06841342  0.06535777  0.05598356  0.06244074  0.05823196  0.05780764  0.05926311  0.06882628  0.05715603  0.06501553  0.06387314  0.07252780  0.06537757  0.07246511  0.06268933  0.05783756  0.05323491  0.07985052  0.06196797  0.05981209  0.06503403  0.06358129  0.05690418  0.05559129  0.04631826  0.04859621  0.05269048  0.06720511
87              0.06185649  0.06639247  0.05894102  0.06725629  0.06066768  0.05553945  0.06169535  0.05391738  0.06229482  0.06263185  0.05553784  0.05742924  0.06361829  0.06526005  0.05790001  0.06193080  0.05888146  0.06783460  0.07715055  0.06490640  0.06140120  0.08012318  0.03717875  0.06022052  0.07387268  0.05029551  0.05031643  0.04028347  0.06134373  0.00000000  0.05462035  0.06210667  0.08014303  0.05661071  0.06201549  0.08671132  0.06749343  0.05803168  0.06148867  0.06006337  0.05820034  0.05489977  0.05906417  0.05672055  0.06702897  0.06376131  0.06229561  0.05008897  0.04121131  0.05679772  0.04877980  0.04886446  0.05894341  0.04731365  0.04978814  0.05647365  0.06415015  0.05996931  0.01933588  0.05268631  0.05580375  0.06244390  0.06316754  0.01281204  0.05286393  0.05047692  0.01805647  0.05133911  0.05861336  0.06681094  0.05379782  0.05397470  0.06224798  0.06753575  0.06400038  0.05480599  0.06128772  0.05693832  0.05624634  0.05801653  0.06773741  0.05587344  0.06366781  0.06223184  0.07119770  0.06439934  0.07137144  0.06143757  0.05638684  0.05163550  0.07898699  0.06119482  0.01582326  0.06433178  0.06269271  0.05545160  0.05420730  0.04562740  0.04699201  0.05118865  0.06623901
84              0.05489905  0.05947261  0.05167559  0.06049644  0.05376501  0.04760694  0.05503458  0.04631685  0.05552081  0.05588043  0.04772295  0.04999286  0.05044223  0.05232109  0.05024220  0.05481735  0.05325162  0.06146136  0.07127483  0.05818651  0.05437091  0.07463442  0.05535675  0.05489930  0.06893160  0.04411455  0.04410303  0.05779150  0.05603210  0.05462035  0.00000000  0.04866159  0.07477506  0.04897273  0.04855403  0.08175637  0.06065010  0.05050927  0.05435190  0.05302715  0.05065574  0.04720600  0.05178624  0.04928983  0.06055272  0.05668273  0.04901901  0.02079487  0.05875646  0.04920697  0.04242546  0.04260574  0.05325841  0.03073711  0.04360781  0.05067493  0.05716464  0.05251536  0.05629990  0.03734763  0.04838217  0.05707292  0.05602817  0.05307200  0.03746109  0.04242007  0.05562708  0.04510618  0.05107250  0.06015304  0.04583330  0.04631753  0.05545233  0.06083027  0.05751637  0.04678124  0.05418103  0.04916209  0.04862362  0.05056101  0.06141128  0.04805675  0.05691783  0.05525627  0.06483117  0.05718930  0.06500975  0.05438156  0.04870640  0.04365983  0.07321854  0.05552678  0.05290201  0.05881315  0.05719120  0.04779194  0.04652145  0.03901211  0.02995043  0.01286371  0.05320626
85              0.06244914  0.06681862  0.05940515  0.06711897  0.06133904  0.05574438  0.06240480  0.05456464  0.06281023  0.06323657  0.05570224  0.05789883  0.00780722  0.04590793  0.05835305  0.06206918  0.06094065  0.06831059  0.07729560  0.06536547  0.06188049  0.08073744  0.06275118  0.06204784  0.07520815  0.05245415  0.05240642  0.06497603  0.06328591  0.06210667  0.04866159  0.00000000  0.08047832  0.05688350  0.02944001  0.08690999  0.06776959  0.05835169  0.06186101  0.06067397  0.05852501  0.05523662  0.05954058  0.05722275  0.06749893  0.06391446  0.01269411  0.04378262  0.06578030  0.05721059  0.05115967  0.05116043  0.06092944  0.04086612  0.05197914  0.05833821  0.06431720  0.06021556  0.06363426  0.03425705  0.05627358  0.06440954  0.06361364  0.06080076  0.03441065  0.05099786  0.06293182  0.05339811  0.05878757  0.06755104  0.05429757  0.05454632  0.06283611  0.06782887  0.06457588  0.05489685  0.06157764  0.05735216  0.05683374  0.05834759  0.06835037  0.05625095  0.06411955  0.06286818  0.07154168  0.06455267  0.07169299  0.06205240  0.05693761  0.05226407  0.07967242  0.06283038  0.06043438  0.06594976  0.06452180  0.05592832  0.05468012  0.04797391  0.04063054  0.04500263  0.03688023
