101
0 0 7.423 14.14 15.277 14.174 15.241 15.292 14.675 15.72 15.511 15.409 15.837 15.805 15.988 14.869 13.282 15.02 15.249 13.565 9.713 13.949 16.082 14.256 15.307 13.974 14.85 16.161 14.67 14.795 14.945 14.973 15.344 14.664 15.678 15.785 15.889 15.873 9.704 14.763 14.958 14.654 14.12 15.034 15.69 15.624 14.757 14.558 16.161 12.997 12.56 14.337 15.151 15.349 15.03 13.324 15.054 15.679 13.215 14.031 14.052 13.655 13.973 14.632 13.588 15.152 14.491 4.252 14.588 15.634 13.37 14.037 14.655 9.385 12.378 13.824 14.372 14.06 14.6 15.029 14.215 15.726 16.22 15.023 12.459 14.84 16.048 8.256 15.062 16.346 13.294 15.42 15.854 14.684 15.652 14.65 14.899 15.078 15.6 14.241 13.601 14.132 
1 7.423 0 13.635 14.846 13.535 14.678 14.843 14.082 15.103 14.828 14.92 15.178 15.16 15.283 14.342 12.837 14.437 14.712 13.006 9.36 13.502 15.537 13.803 14.738 13.475 14.509 15.554 14.311 14.222 14.47 14.272 14.719 14.093 15.113 15.078 15.192 15.27 9.279 14.234 14.475 13.977 13.423 14.443 15.007 15.103 14.112 14.185 15.538 12.502 11.811 13.83 14.646 14.898 14.477 12.737 14.565 15.062 12.618 13.518 13.569 13.092 13.374 13.915 13.143 14.575 14.052 7.467 14.105 15.007 13.035 13.482 14.164 8.86 11.653 13.245 13.941 13.445 13.915 14.512 13.684 15.231 15.659 14.482 12.022 14.293 15.475 8.007 14.417 15.765 12.869 14.815 15.235 14.225 15.017 14.039 14.274 14.517 14.999 13.87 12.97 13.611 
2 14.14 13.635 0 13.111 12.26 13.113 13.104 12.747 13.15 12.703 13.351 12.795 13.031 13.234 12.219 13.296 12.256 13.119 11.575 14.019 13.507 13.358 14.266 13.315 13.432 12.9 14.073 12.806 12.769 13.297 13.245 13.202 12.652 13.682 12.965 13.865 12.863 14.082 12.825 13.002 11.948 12.22 13.182 13.596 13.646 10.391 12.958 13.401 12.625 12.254 14.183 13.139 13.171 12.892 13.072 13.178 13.677 12.979 13.667 12.4 11.763 12.249 11.944 11.448 13.152 14.391 14.072 12.448 13.502 12.87 13.213 12.465 13.681 10.176 13.196 14.262 12.186 8.816 13.185 12.287 13.754 14.314 13.259 12.119 12.86 13.198 13.44 10.492 14.396 12.536 12.484 13.826 12.77 13.544 8.576 13.163 10.612 12.744 12.429 13.101 13.63 
3 15.277 14.846 13.111 0 13.089 14.124 5.009 11.344 14.799 14.668 14.294 14.832 14.654 15.001 13.944 14.195 13.963 14.076 12.44 15.178 14.286 15.225 15.265 14.208 14.495 14.235 14.998 14.013 13.502 13.934 13.876 11.009 11.267 14.457 14.702 14.838 14.992 15.145 13.616 14.255 13.723 13.103 13.963 11.481 14.475 13.768 13.603 15.226 13.594 13.149 15.134 13.98 5.066 13.817 13.983 14.075 11.426 13.954 14.506 13.081 12.448 12.844 13.753 12.411 14.005 15.398 15.183 13.725 11.291 13.663 14.014 13.676 14.626 11.433 14.083 15.327 12.723 13.413 14.102 11.244 14.717 15.215 13.866 13.064 13.795 15.005 14.597 13.949 15.333 13.749 14.489 14.789 13.577 11.553 13.539 14.03 14.149 14.565 13.24 13.994 14.503 
4 14.174 13.535 12.26 13.089 0 13.069 13.268 12.501 13.526 13.591 13.221 13.895 13.405 13.678 12.829 13.17 12.926 13.009 11.321 14.069 13.339 13.994 14.23 13.169 13.432 12.836 13.977 12.828 12.623 12.835 12.801 13.1 12.436 13.492 13.427 13.791 13.923 14.06 12.655 12.954 12.542 3.474 12.872 13.576 13.414 12.765 12.604 13.947 12.355 12.42 14.183 13.117 13.167 12.666 12.792 13.114 13.543 12.737 13.419 11.704 11.707 12.093 12.548 11.532 13.084 14.399 14.136 12.706 13.496 12.642 13.161 12.719 13.675 10.388 13.064 14.26 12.1 12.578 12.859 12.227 13.708 14.142 12.791 11.953 12.694 13.782 13.296 12.984 14.276 12.66 13.422 13.728 12.512 13.53 12.628 12.715 12.948 13.41 12.253 13.163 13.236 
5 15.241 14.678 13.113 14.124 13.069 0 13.951 13.502 14.549 14.398 13.28 14.796 14.676 15.061 13.958 13.909 13.807 5.504 12.358 15.134 14.138 15.027 15.107 13.408 14.195 14.147 14.374 14.073 12.82 13.102 13.412 13.855 13.595 13.505 14.638 14.006 14.848 15.055 9.18 14.281 13.899 12.957 13.453 14.221 13.435 13.606 13.137 14.944 13.62 13.253 14.996 9.466 13.97 13.041 13.869 13.385 14.268 13.818 14.496 12.317 12.598 13.05 13.691 12.307 9.651 15.232 15.199 13.545 14.265 13.691 14.002 13.606 14.606 11.209 13.999 15.167 13.039 13.437 13.388 13.222 13.935 14.477 12.996 13.148 13.189 15.023 14.531 13.841 14.739 13.591 14.415 13.935 9.281 14.171 13.349 13.222 13.839 14.697 12.832 13.95 14.461 
6 15.292 14.843 13.104 5.009 13.268 13.951 0 11.293 14.784 14.623 14.263 14.821 14.665 14.966 13.891 14.122 13.964 14.025 12.363 15.137 14.197 15.164 15.222 14.287 14.436 14.182 15.023 13.938 13.463 13.805 13.749 11.076 11.222 14.464 14.739 14.841 14.911 15.034 13.527 14.164 13.586 13.246 13.87 11.55 14.364 13.821 13.552 15.215 13.653 13.2 15.113 13.921 4.875 13.786 13.912 13.968 11.449 13.905 14.409 12.96 12.577 12.883 13.582 12.358 13.944 15.387 15.132 13.668 11.334 13.722 14.003 13.621 14.565 11.294 14.098 15.298 12.802 13.36 14.069 11.243 14.67 15.222 13.783 13.111 13.786 14.904 14.494 14.016 15.28 13.716 14.392 14.744 13.46 11.398 13.408 13.907 14.162 14.556 13.077 13.917 14.506 
7 14.675 14.082 12.747 11.344 12.501 13.502 11.293 0 14.263 14.152 13.76 14.368 14.112 14.509 13.452 13.469 13.395 13.424 11.742 14.482 13.842 14.639 14.567 13.416 13.883 13.609 14.268 13.555 13.026 13.286 13.34 11.247 5.663 13.999 14.192 14.042 14.358 14.549 13.166 13.641 13.041 12.371 13.447 11.623 13.911 13.268 12.993 14.636 13.18 12.623 14.46 13.228 11.24 13.081 13.541 13.387 11.66 13.468 13.988 12.411 12.068 12.406 13.027 11.925 13.393 14.708 14.631 13.149 11.599 13.245 13.618 13.228 14.168 10.855 13.717 14.541 12.189 13.029 13.232 7.942 13.879 14.467 13.252 12.66 13.103 14.391 13.969 13.507 14.397 13.253 13.939 13.999 12.899 11.483 13.037 13.292 13.501 14.015 12.686 13.544 13.981 
8 15.72 15.103 13.15 14.799 13.526 14.549 14.784 14.263 0 11.037 14.729 11.185 9.321 7.926 11.195 14.642 11.018 14.613 12.687 15.467 14.601 9.972 15.57 14.891 14.76 14.83 15.809 14.73 14.099 14.631 14.747 14.792 14.15 15.018 9.401 15.287 10.997 15.39 14.083 14.79 11.974 13.516 14.664 15.09 14.958 13.649 14.282 10.089 13.997 13.906 15.577 14.491 14.789 14.318 14.366 14.768 15.103 14.347 14.799 13.628 13.257 13.711 12.012 13.086 14.5 15.749 15.704 14.376 15.074 14.074 14.705 14.267 15.011 11.822 14.768 15.612 13.702 13.3 14.863 13.695 15.398 15.998 14.467 13.903 14.356 8.026 14.838 13.756 15.968 14.064 10.77 15.162 14.136 15.072 13.242 14.697 13.866 9.86 14.077 14.411 14.714 
9 15.511 14.828 12.703 14.668 13.591 14.398 14.623 14.152 11.037 0 14.56 7.622 10.936 11.523 11.392 14.343 11.237 14.49 12.566 15.476 14.57 11.795 15.355 14.706 14.651 14.401 15.45 14.249 13.88 14.234 14.45 14.715 14.033 14.809 11.08 15.122 7.554 15.375 14.032 14.349 11.733 13.571 14.413 14.987 14.675 13.356 14.021 11.712 13.75 13.565 15.334 14.406 14.67 14.061 13.869 14.495 15.038 13.954 14.76 13.521 12.962 13.38 11.721 12.579 14.437 15.496 15.407 14.001 15.061 13.793 14.408 14.028 14.96 11.339 14.387 15.477 13.363 13.047 14.568 13.66 14.999 15.651 14.142 13.534 14.121 11.443 14.667 13.507 15.653 13.909 7.907 15.093 13.955 15.059 13.095 14.414 13.509 11.063 13.786 14.274 14.661 
10 15.409 14.92 13.351 14.294 13.221 13.28 14.263 13.76 14.729 14.56 0 14.866 14.766 15.073 14.076 14.237 14.101 13.386 12.39 15.366 14.28 15.205 15.361 13.312 14.323 14.227 14.346 14.143 7.572 13.314 13.298 14.283 13.803 5.063 14.684 13.844 14.92 15.307 12.732 14.435 13.753 13.193 13.375 14.751 5.269 13.706 13.327 15.278 13.726 13.261 15.318 13.202 14.268 13.287 14.101 13.561 14.652 13.982 14.548 12.465 12.62 12.936 13.853 12.753 13.205 15.48 15.339 13.719 14.611 13.675 14.28 13.652 15.006 11.215 14.199 15.407 12.983 13.541 13.534 13.22 13.961 14.521 13.482 13.428 13.211 15.033 14.615 14.007 14.541 13.757 14.375 13.855 12.709 14.777 13.567 13.328 13.993 14.601 12.726 14.066 14.497 
11 15.837 15.178 12.795 14.832 13.895 14.796 14.821 14.368 11.185 7.622 14.866 0 11.096 11.599 11.352 14.793 11.345 14.754 12.884 15.71 14.99 11.823 15.657 14.986 15.009 14.773 15.916 14.715 14.21 14.72 14.938 14.983 14.241 15.035 11.278 15.514 5.324 15.659 14.356 14.831 12.159 13.835 14.785 15.323 14.967 13.654 14.317 11.804 14.094 13.979 15.78 14.946 14.862 14.529 14.319 14.871 15.398 14.444 15.026 13.893 13.272 13.758 12.195 13.003 14.875 15.946 15.751 14.353 15.361 14.299 14.8 14.378 15.272 11.891 14.763 15.861 13.725 13.271 15.034 13.928 15.507 16.139 14.606 13.994 14.427 11.543 14.855 13.861 16.125 14.253 8.061 15.529 14.451 15.387 13.175 14.916 13.949 11.291 14.198 14.628 14.985 
12 15.805 15.16 13.031 14.654 13.405 14.676 14.665 14.112 9.321 10.936 14.766 11.096 0 9.415 10.876 14.667 10.737 14.67 12.478 15.598 14.672 9.461 15.649 14.852 14.739 14.757 15.704 14.559 14.204 14.546 14.742 14.747 14.045 15.083 7.978 15.384 10.996 15.633 14.192 14.707 11.579 13.475 14.803 15.179 15.011 13.492 14.225 9.574 14.018 13.833 15.602 14.654 14.59 14.407 14.349 14.791 15.258 14.226 14.87 13.797 13.2 13.536 11.587 13.221 14.547 15.804 15.801 14.239 15.153 14.207 14.674 14.202 15.222 11.639 14.661 15.785 13.569 13.269 14.846 13.658 15.355 15.943 14.574 13.864 14.237 9.453 14.771 13.681 16.031 14.033 10.697 15.251 14.217 15.231 13.307 14.678 13.687 7.935 14.1 14.33 14.827 
13 15.988 15.283 13.234 15.001 13.678 15.061 14.966 14.509 7.926 11.523 15.073 11.599 9.415 0 11.423 14.782 11.392 15.035 13.081 15.829 14.791 10.386 15.844 15.173 15.012 15.122 15.997 14.904 14.359 14.849 14.935 15.07 14.454 15.346 9.705 15.651 11.723 15.764 14.395 15.088 12.116 13.728 15.052 15.474 15.292 13.899 14.536 10.403 14.315 14.14 15.785 14.957 14.967 14.746 14.584 15.046 15.483 14.571 15.143 14.204 13.339 13.853 12.112 13.472 14.95 16.027 15.882 14.54 15.414 14.442 14.991 14.541 15.345 12.078 14.996 15.868 13.872 13.532 15.175 14.089 15.702 16.2 14.823 14.159 14.724 5.608 15.014 14.05 16.176 14.328 11.234 15.542 14.456 15.534 13.524 14.969 14.14 9.944 14.341 14.669 15.118 
14 14.869 14.342 12.219 13.944 12.829 13.958 13.891 13.452 11.195 11.392 14.076 11.352 10.876 11.423 0 13.911 5.047 14.006 12.066 14.934 13.892 11.581 14.819 14.028 13.881 13.959 14.908 13.867 13.398 13.966 14.096 13.951 13.301 14.381 10.86 14.68 11.624 14.823 13.512 14.039 11.179 12.829 14.073 14.289 14.253 12.796 13.591 11.584 13.078 12.983 14.878 13.906 13.91 13.683 13.497 14.167 14.324 13.404 14.21 13.077 12.412 12.924 11.181 12.349 13.967 15.022 14.819 13.477 14.291 13.215 13.92 13.388 14.458 11.223 13.851 14.949 12.881 12.399 14.176 12.886 14.705 15.207 13.936 12.996 13.681 11.411 14.029 13.037 15.273 13.157 11.017 14.623 13.623 14.253 12.481 13.974 12.969 11.031 13.438 13.692 14.001 
15 13.282 12.837 13.296 14.195 13.17 13.909 14.122 13.469 14.642 14.343 14.237 14.793 14.667 14.782 13.911 0 13.834 13.967 12.241 13.213 12.825 15.046 7.488 14.217 13.01 13.886 15.027 13.68 13.541 13.833 13.811 14.144 13.526 14.574 14.553 14.715 14.821 13.138 13.465 13.832 13.36 13.054 13.988 14.584 14.464 13.871 13.582 15.093 12.235 9.844 7.707 13.775 14.061 13.704 12.338 14.056 14.419 12.537 12.735 13.13 12.675 12.999 13.334 12.486 13.874 7.595 13.194 13.34 14.422 12.458 12.665 13.387 12.813 11.116 12.808 7.754 13.102 13.638 13.991 12.885 14.588 15.282 13.709 11.453 13.718 14.844 12.562 13.988 15.356 12.26 14.296 14.686 13.476 14.49 13.592 14.107 14.09 14.614 13.245 12.537 12.776 
16 15.02 14.437 12.256 13.963 12.926 13.807 13.964 13.395 11.018 11.237 14.101 11.345 10.737 11.392 5.047 13.834 0 13.947 12.107 15.015 13.855 11.61 14.854 14.149 13.936 13.926 14.883 13.888 13.471 14.005 14.063 14.056 13.268 14.342 10.723 14.719 11.323 14.912 13.459 14.006 11.284 12.836 14.1 14.346 14.268 12.755 13.518 11.487 13.141 13.054 14.887 13.867 14.015 13.766 13.584 14.222 14.421 13.477 14.139 13.026 12.365 12.939 11.028 12.396 13.876 14.991 14.91 13.526 14.424 13.272 13.885 13.391 14.499 11.132 13.852 14.94 12.894 12.352 14.175 12.947 14.64 15.098 14.057 13.127 13.708 11.34 14.118 12.986 15.204 13.214 10.944 14.638 13.634 14.384 12.4 13.953 12.978 10.966 13.423 13.709 14.002 
17 15.249 14.712 13.119 14.076 13.009 5.504 14.025 13.424 14.613 14.49 13.386 14.754 14.67 15.035 14.006 13.967 13.947 0 12.222 15.25 14.04 15.025 15.039 13.546 14.129 14.125 14.562 14.049 12.786 13.112 13.386 13.839 13.283 13.531 14.678 14.188 14.78 15.227 9.14 14.295 13.673 12.941 13.413 14.151 13.483 13.538 13.217 14.966 13.684 13.301 14.93 9.594 13.988 13.061 13.899 13.365 14.164 13.828 14.376 12.257 12.676 13.1 13.623 12.225 9.653 15.142 15.301 13.509 14.175 13.581 13.988 13.588 14.616 11.285 13.975 15.055 13.131 13.401 13.402 12.996 14.003 14.637 13.092 13.056 13.213 15.121 14.531 13.787 14.833 13.483 14.383 14.077 9.393 14.075 13.387 13.242 13.767 14.629 12.808 13.836 14.273 
18 13.565 13.006 11.575 12.44 11.321 12.358 12.363 11.742 12.687 12.566 12.39 12.884 12.478 13.081 12.066 12.241 12.107 12.222 0 13.442 12.632 12.993 13.411 12.526 12.635 12.419 13.292 12.281 11.764 12.194 12.04 12.115 11.703 12.549 12.546 12.932 12.882 13.355 11.728 12.325 11.649 11.251 12.169 12.797 12.535 11.998 12.041 13.108 11.898 11.585 13.314 12.14 12.42 12.161 12.367 12.199 12.858 12.174 12.702 11.311 10.714 11.218 11.697 10.799 12.287 13.602 13.467 11.769 12.679 12.053 12.518 11.768 12.966 9.531 12.531 13.551 11.047 11.575 12.244 11.396 12.883 13.543 12.29 11.542 12.107 13.017 12.811 12.191 13.581 11.985 12.427 12.985 11.795 12.607 11.759 11.974 12.267 12.533 11.63 12.216 12.657 
19 9.713 9.36 14.019 15.178 14.069 15.134 15.137 14.482 15.467 15.476 15.366 15.71 15.598 15.829 14.934 13.213 15.015 15.25 13.442 0 13.956 16.017 14.379 15.078 13.973 14.905 15.858 14.605 14.668 14.952 14.904 15.197 14.443 15.577 15.616 15.604 15.824 4.159 14.716 14.903 14.551 14.003 14.861 15.617 15.613 14.754 14.549 16.13 12.944 12.523 14.336 15.034 15.166 14.847 13.457 14.931 15.534 13.364 14.066 13.955 13.722 13.924 14.583 13.409 15.031 14.562 9.725 14.499 15.581 13.407 13.826 14.538 6.678 12.115 13.731 14.439 13.915 14.575 14.916 13.976 15.475 16.135 14.91 12.532 14.647 15.927 8.885 15.021 16.133 13.285 15.401 15.699 14.691 15.563 14.463 14.876 14.971 15.463 14.214 13.638 14.071 
20 13.949 13.502 13.507 14.286 13.339 14.138 14.197 13.842 14.601 14.57 14.28 14.99 14.672 14.791 13.892 12.825 13.855 14.04 12.632 13.956 0 15.197 13.853 14.418 6.401 13.951 15.178 13.785 13.59 14.118 14.02 14.283 13.809 14.589 14.65 14.98 14.93 13.973 13.432 13.919 13.707 13.257 14.113 14.531 14.463 13.85 13.953 15.182 12.076 11.793 13.682 14.064 14.292 14.089 12.197 14.111 14.542 12.114 8.434 13.281 12.778 12.966 13.613 12.555 13.993 14.02 13.971 13.547 14.499 11.973 12.512 13.446 13.516 11.389 12.461 13.919 13.093 13.657 14.146 13.274 14.829 15.375 14.048 12.118 13.831 14.879 13.357 14.029 15.453 11.939 14.371 14.911 13.487 14.599 13.729 13.976 14.005 14.537 13.462 8.59 8.765 
21 16.082 15.537 13.358 15.225 13.994 15.027 15.164 14.639 9.972 11.795 15.205 11.823 9.461 10.386 11.581 15.046 11.61 15.025 12.993 16.017 15.197 0 15.978 15.189 15.254 15.08 16.061 14.884 14.567 15.061 14.985 15.068 14.458 15.478 9.421 15.681 11.807 16.002 14.531 15.016 12.33 13.994 15.052 15.508 15.34 13.919 14.572 4.093 14.467 14.144 16.011 14.793 15.261 14.768 14.728 15.024 15.531 14.713 15.309 14.096 13.647 14.091 12.272 13.518 15.044 16.147 16.036 14.488 15.518 14.758 15.127 14.417 15.551 12.084 15.156 16.086 14.076 13.732 15.167 14.145 15.68 16.282 14.927 14.175 14.682 10.44 15.308 14.056 16.356 14.48 11.296 15.624 14.646 15.476 13.696 14.981 14.094 9.744 14.475 14.785 15.384 
22 14.256 13.803 14.266 15.265 14.23 15.107 15.222 14.567 15.57 15.355 15.361 15.657 15.649 15.844 14.819 7.488 14.854 15.039 13.411 14.379 13.853 15.978 0 15.199 13.976 14.88 15.985 14.6 14.587 14.957 15.041 15.234 14.642 15.57 15.531 15.717 15.665 14.314 14.567 14.936 14.562 14.12 15.078 15.61 15.568 14.805 14.702 15.979 13.285 10.978 5.039 14.877 15.217 14.912 13.458 15.006 15.593 13.565 13.723 14.122 13.671 13.943 14.51 13.52 14.86 5.737 14.12 14.388 15.48 13.528 13.665 14.451 14.003 12.206 13.854 6.022 14.018 14.608 15.025 13.959 15.588 16.292 14.927 12.645 14.876 15.84 13.702 14.912 16.31 13.508 15.222 15.742 14.574 15.54 14.488 15.077 15.128 15.522 14.351 13.601 13.776 
23 15.307 14.738 13.315 14.208 13.169 13.408 14.287 13.416 14.891 14.706 13.312 14.986 14.852 15.173 14.028 14.217 14.149 13.546 12.526 15.078 14.418 15.189 15.199 0 14.381 13.919 8.352 13.899 12.794 13.122 13.018 13.971 13.437 13.601 14.776 8.086 15.064 15.119 12.878 13.945 13.693 13.087 12.983 14.445 13.493 13.762 13.021 15.334 13.706 13.429 15.204 13.068 14.182 12.973 14.017 12.993 14.328 13.886 14.564 12.133 12.44 12.746 13.797 12.497 13.183 15.426 15.265 13.529 14.295 13.803 14.09 13.576 14.686 11.285 14.195 15.347 12.787 13.467 13.006 12.972 8.095 8.761 13.272 13.084 12.887 15.213 14.543 13.995 8.925 13.709 14.461 8.113 12.823 14.279 13.531 12.932 14.001 14.661 12.66 13.904 14.383 
24 13.974 13.475 13.432 14.495 13.432 14.195 14.436 13.883 14.76 14.651 14.323 15.009 14.739 15.012 13.881 13.01 13.936 14.129 12.635 13.973 6.401 15.254 13.976 14.381 0 13.882 15.037 13.662 13.781 14.193 14.159 14.272 13.812 14.608 14.735 14.843 15.017 13.926 13.741 13.966 13.69 13.33 14.094 14.594 14.62 13.807 13.988 15.245 12.057 11.788 13.929 14.235 14.449 14.138 12.262 14.33 14.597 12.189 8.601 13.376 12.813 13.143 13.47 12.6 13.99 14.259 13.94 13.498 14.548 12.242 12.757 13.415 13.667 11.342 12.576 14.09 13.224 13.706 14.171 13.341 14.786 15.276 14.121 11.969 13.918 14.97 13.322 14.07 15.4 11.998 14.426 14.784 13.688 14.606 13.75 13.995 14.064 14.574 13.553 8.629 8.902 
25 14.85 14.509 12.9 14.235 12.836 14.147 14.182 13.609 14.83 14.401 14.227 14.773 14.757 15.122 13.959 13.886 13.926 14.125 12.419 14.905 13.951 15.08 14.88 13.919 13.882 0 14.909 5.176 13.621 14.093 14.013 14.216 13.568 14.56 14.657 14.507 14.713 14.884 13.753 4.932 13.612 12.84 13.95 14.6 14.55 13.439 13.744 15.103 13.579 13.046 14.717 14.097 14.115 13.842 13.684 13.916 14.531 13.571 14.191 12.85 12.621 13.011 13.618 12.386 14.176 14.905 14.814 8.942 14.642 13.284 13.839 9.063 14.497 11.256 13.732 14.854 12.778 13.194 13.997 13.263 14.39 15.114 14.183 12.963 13.942 15.122 14.13 13.586 15.184 13.476 14.226 14.536 13.558 14.632 13.172 13.987 13.65 14.484 13.505 13.707 14.072 
26 16.161 15.554 14.073 14.998 13.977 14.374 15.023 14.268 15.809 15.45 14.346 15.916 15.704 15.997 14.908 15.027 14.883 14.562 13.292 15.858 15.178 16.061 15.985 8.352 15.037 14.909 0 14.773 13.76 14.032 13.864 14.839 14.315 14.593 15.598 9.386 15.978 15.887 13.77 15.063 14.513 13.985 14.087 15.329 14.619 14.596 13.925 16.138 14.546 14.253 15.914 14.132 15.028 13.977 14.837 14.043 15.228 14.786 15.234 12.917 13.382 13.824 14.567 13.577 14.087 16.228 16.095 14.449 15.225 14.567 14.966 14.548 15.514 12.113 14.991 16.115 13.763 14.357 13.95 13.974 6.389 6.255 14.072 14.04 13.529 16.049 15.363 14.775 6.177 14.493 15.429 9.285 13.849 15.137 14.327 13.854 14.715 15.523 13.472 14.772 15.175 
27 14.67 14.311 12.806 14.013 12.828 14.073 13.938 13.555 14.73 14.249 14.143 14.715 14.559 14.904 13.867 13.68 13.888 14.049 12.281 14.605 13.785 14.884 14.6 13.899 13.662 5.176 14.773 0 13.461 13.957 13.851 14.028 13.456 14.394 14.505 14.431 14.769 14.624 13.581 5.524 13.448 12.8 13.86 14.478 14.322 13.381 13.604 14.977 13.379 12.85 14.511 14.063 13.993 13.664 13.524 13.748 14.329 13.485 13.981 12.66 12.501 12.867 13.548 12.248 14.144 14.679 14.61 8.834 14.452 13.176 13.673 8.905 14.265 11.086 13.524 14.638 12.644 13.114 13.881 13.093 14.316 14.99 13.973 12.783 13.706 14.922 13.888 13.506 15.002 13.296 14.238 14.482 13.456 14.402 13.19 13.803 13.69 14.414 13.323 13.503 13.902 
28 14.795 14.222 12.769 13.502 12.623 12.82 13.463 13.026 14.099 13.88 7.572 14.21 14.204 14.359 13.398 13.541 13.471 12.786 11.764 14.668 13.59 14.567 14.587 12.794 13.781 13.621 13.76 13.461 0 12.77 12.574 13.527 13.095 7.625 14.066 13.34 14.172 14.605 12.408 13.725 12.929 12.483 12.985 13.997 7.683 13.102 12.643 14.648 12.932 12.671 14.494 12.658 13.502 12.817 13.329 12.921 13.878 13.328 13.824 11.661 12.096 12.362 13.081 11.971 12.699 14.806 14.671 13.173 13.879 13.009 13.586 13.154 14.3 10.617 13.645 14.723 12.369 12.963 12.952 12.59 13.233 13.837 12.854 12.86 12.647 14.369 14.035 13.367 13.861 13.119 13.737 13.297 12.175 14.025 12.913 12.634 13.323 13.969 12.154 13.48 13.843 
29 14.945 14.47 13.297 13.934 12.835 13.102 13.805 13.286 14.631 14.234 13.314 14.72 14.546 14.849 13.966 13.833 14.005 13.112 12.194 14.952 14.118 15.061 14.957 13.122 14.193 14.093 14.032 13.957 12.77 0 12.068 13.819 13.303 13.497 14.55 13.8 14.81 14.947 12.538 14.059 13.571 12.805 12.399 14.167 13.509 13.758 9.535 15.136 13.63 13.139 14.88 13.13 13.896 10.027 13.611 12.265 14.096 13.532 14.324 11.559 12.296 12.75 13.537 12.223 13.107 15.032 14.987 13.559 14.179 13.605 13.952 13.658 14.524 11.083 13.897 14.989 12.751 13.351 12.238 12.8 13.691 14.437 6.662 13.008 10.155 14.733 14.301 13.989 14.483 13.211 14.129 13.829 12.661 14.255 13.429 12.19 14.015 14.471 11.718 13.798 14.255 
30 14.973 14.272 13.245 13.876 12.801 13.412 13.749 13.34 14.747 14.45 13.298 14.938 14.742 14.935 14.096 13.811 14.063 13.386 12.04 14.904 14.02 14.985 15.041 13.018 14.159 14.013 13.864 13.851 12.574 12.068 0 13.817 13.417 13.581 14.62 13.56 14.952 14.829 12.778 13.939 13.745 12.817 10.049 14.171 13.483 13.678 11.807 15.026 13.578 13.161 14.926 13.176 13.812 12.029 13.793 9.869 14.112 13.74 14.29 11.687 12.44 12.898 13.575 12.073 13.135 15.162 14.953 13.539 14.311 13.395 13.834 13.526 14.318 11.133 13.845 15.153 12.813 13.385 9.976 12.972 13.313 13.985 12.248 12.92 12.069 15.045 14.219 13.789 14.089 13.377 14.317 13.553 12.789 14.245 13.475 7.262 13.887 14.507 10.322 13.612 14.255 
31 15.344 14.719 13.202 11.009 13.1 13.855 11.076 11.247 14.792 14.715 14.283 14.983 14.747 15.07 13.951 14.144 14.056 13.839 12.115 15.197 14.283 15.068 15.234 13.971 14.272 14.216 14.839 14.028 13.527 13.819 13.817 0 11.294 14.472 14.687 14.541 15.085 15.156 13.509 14.266 13.762 13.092 13.976 7.312 14.378 13.671 13.51 15.107 13.639 13.288 15.093 13.845 11.065 13.678 14.038 13.998 7.261 13.901 14.535 12.938 12.447 12.965 13.65 12.548 13.916 15.327 15.258 13.672 6.87 13.728 14.167 13.619 14.751 11.356 14.162 15.274 12.852 13.564 13.925 10.995 14.398 15.014 13.891 13.091 13.634 14.958 14.306 13.868 15.078 13.688 14.4 14.52 13.478 7.054 13.526 13.777 13.866 14.708 13.339 13.897 14.366 
32 14.664 14.093 12.652 11.267 12.436 13.595 11.222 5.663 14.15 14.033 13.803 14.241 14.045 14.454 13.301 13.526 13.268 13.283 11.703 14.443 13.809 14.458 14.642 13.437 13.812 13.568 14.315 13.456 13.095 13.303 13.417 11.294 0 13.972 14.111 14.059 14.351 14.436 13.011 13.63 12.964 12.354 13.39 11.678 13.922 13.187 13.138 14.581 13.187 12.624 14.515 13.289 11.289 13.028 13.558 13.35 11.575 13.467 14.021 12.508 11.979 12.315 12.906 11.83 13.532 14.771 14.64 13.328 11.596 13.304 13.669 13.325 14.075 10.808 13.678 14.618 12.206 12.918 13.221 7.767 13.95 14.584 13.305 12.477 13.076 14.338 14.058 13.38 14.502 13.09 13.79 14.08 12.83 11.41 12.87 13.293 13.416 13.924 12.733 13.535 13.878 
33 15.678 15.113 13.682 14.457 13.492 13.505 14.464 13.999 15.018 14.809 5.063 15.035 15.083 15.346 14.381 14.574 14.342 13.531 12.549 15.577 14.589 15.478 15.57 13.601 14.608 14.56 14.593 14.394 7.625 13.497 13.581 14.472 13.972 0 14.939 14.117 15.169 15.53 12.883 14.692 13.884 13.384 13.546 14.876 4.52 13.881 13.532 15.505 13.943 13.542 15.499 13.379 14.397 13.656 14.296 13.738 14.785 14.273 14.749 12.644 12.831 13.105 14.004 12.868 13.432 15.707 15.57 14.028 14.788 14.014 14.571 13.977 15.157 11.47 14.46 15.638 13.202 13.778 13.787 13.505 14.2 14.734 13.695 13.573 13.518 15.3 14.918 14.232 14.798 13.956 14.64 14.202 12.89 14.912 13.856 13.591 14.248 14.87 12.873 14.355 14.716 
34 15.785 15.078 12.965 14.702 13.427 14.638 14.739 14.192 9.401 11.08 14.684 11.278 7.978 9.705 10.86 14.553 10.723 14.678 12.546 15.616 14.65 9.421 15.531 14.776 14.735 14.657 15.598 14.505 14.066 14.55 14.62 14.687 14.111 14.939 0 15.214 11.118 15.643 14.09 14.633 11.571 13.303 14.609 15.115 14.873 13.56 14.341 9.488 14.016 13.845 15.524 14.508 14.73 14.295 14.193 14.647 15.19 14.238 14.786 13.729 13.212 13.526 11.461 13.159 14.523 15.78 15.747 14.161 15.123 14.159 14.704 14.202 15.198 11.765 14.701 15.721 13.633 13.253 14.73 13.814 15.265 15.735 14.468 13.748 14.193 9.703 14.849 13.729 15.885 14.093 10.555 15.199 14.165 15.177 13.169 14.534 13.681 8.161 14.108 14.394 14.825 
35 15.889 15.192 13.865 14.838 13.791 14.006 14.841 14.042 15.287 15.122 13.844 15.514 15.384 15.651 14.68 14.715 14.719 14.188 12.932 15.604 14.98 15.681 15.717 8.086 14.843 14.507 9.386 14.431 13.34 13.8 13.56 14.541 14.059 14.117 15.214 0 15.544 15.663 13.504 14.609 14.145 13.745 13.753 14.965 14.075 14.358 13.497 15.856 14.322 14.057 15.712 13.628 14.832 13.501 14.681 13.907 14.93 14.526 14.994 12.863 13.028 13.42 14.271 13.127 13.751 16.04 15.773 14.075 14.801 14.319 14.64 14.144 15.186 11.699 14.671 15.895 13.307 14.091 13.77 13.722 8.941 9.691 13.834 13.768 13.267 15.691 15.151 14.587 9.711 14.331 14.991 4.561 13.533 14.937 14.153 13.536 14.565 15.115 13.09 14.546 14.835 
36 15.873 15.27 12.863 14.992 13.923 14.848 14.911 14.358 10.997 7.554 14.92 5.324 10.996 11.723 11.624 14.821 11.323 14.78 12.882 15.824 14.93 11.807 15.665 15.064 15.017 14.713 15.978 14.769 14.172 14.81 14.952 15.085 14.351 15.169 11.118 15.544 0 15.807 14.326 14.797 12.235 13.853 14.847 15.437 14.975 13.698 14.325 11.748 14.21 13.989 15.706 14.97 15.004 14.543 14.475 14.881 15.442 14.454 15.098 13.961 13.444 13.748 12.149 13.063 14.933 15.942 15.775 14.289 15.393 14.411 14.822 14.336 15.348 11.909 14.881 15.869 13.683 13.277 15.088 13.974 15.547 16.163 14.624 14.078 14.493 11.671 14.995 13.855 16.151 14.293 7.991 15.529 14.483 15.439 13.157 14.924 13.951 11.373 14.206 14.678 15.037 
37 9.704 9.279 14.082 15.145 14.06 15.055 15.034 14.549 15.39 15.375 15.307 15.659 15.633 15.764 14.823 13.138 14.912 15.227 13.355 4.159 13.973 16.002 14.314 15.119 13.926 14.884 15.887 14.624 14.605 14.947 14.829 15.156 14.436 15.53 15.643 15.663 15.807 0 14.671 14.818 14.504 13.982 14.828 15.58 15.48 14.663 14.548 16.103 13.001 12.406 14.319 14.947 15.103 14.836 13.338 14.832 15.507 13.279 14.045 13.912 13.577 13.875 14.562 13.554 14.918 14.571 9.628 14.528 15.53 13.432 14.003 14.541 6.471 12.104 13.838 14.358 13.848 14.552 14.875 13.977 15.51 16.184 14.875 12.511 14.69 15.92 8.82 14.956 16.162 13.222 15.368 15.732 14.652 15.508 14.454 14.783 14.98 15.494 14.241 13.689 14.114 
38 14.763 14.234 12.825 13.616 12.655 9.18 13.527 13.166 14.083 14.032 12.732 14.356 14.192 14.395 13.512 13.465 13.459 9.14 11.728 14.716 13.432 14.531 14.567 12.878 13.741 13.753 13.77 13.581 12.408 12.538 12.778 13.509 13.011 12.883 14.09 13.504 14.326 14.671 0 13.793 13.329 12.651 12.867 13.783 12.875 13.118 12.545 14.508 13.034 12.669 14.4 9.514 13.632 12.543 13.585 12.955 13.772 13.436 13.762 11.635 12.134 12.348 13.345 11.723 9.485 14.616 14.751 13.065 13.881 13.107 13.572 13.044 14.17 10.641 13.577 14.575 12.501 12.863 12.684 12.634 13.357 13.945 12.658 12.562 12.641 14.541 13.963 13.417 14.231 13.021 13.881 13.475 8.873 13.783 12.955 12.678 13.321 14.113 12.232 13.154 13.629 
39 14.958 14.475 13.002 14.255 12.954 14.281 14.164 13.641 14.79 14.349 14.435 14.831 14.707 15.088 14.039 13.832 14.006 14.295 12.325 14.903 13.919 15.016 14.936 13.945 13.966 4.932 15.063 5.524 13.725 14.059 13.939 14.266 13.63 14.692 14.633 14.609 14.797 14.818 13.793 0 13.556 12.92 13.998 14.62 14.6 13.581 13.662 15.049 13.501 13.032 14.811 14.023 14.167 13.858 13.728 13.878 14.585 13.659 14.227 12.86 12.717 13.059 13.582 12.45 14.142 14.991 14.898 8.8 14.672 13.244 13.721 8.841 14.489 11.106 13.76 14.886 12.852 13.26 14.003 13.267 14.56 15.246 14.105 13.035 13.83 15.1 14.168 13.728 15.254 13.586 14.332 14.634 13.588 14.672 13.382 13.999 13.746 14.526 13.471 13.739 14.196 
40 14.654 13.977 11.948 13.723 12.542 13.899 13.586 13.041 11.974 11.733 13.753 12.159 11.579 12.116 11.179 13.36 11.284 13.673 11.649 14.551 13.707 12.33 14.562 13.693 13.69 13.612 14.513 13.448 12.929 13.571 13.745 13.762 12.964 13.884 11.571 14.145 12.235 14.504 13.329 13.556 0 12.458 13.722 14.112 13.886 12.525 13.368 12.245 12.901 12.666 14.533 13.739 13.757 13.36 13.274 13.852 14.113 13.207 13.787 12.782 12.069 12.551 5.712 12.016 13.776 14.695 14.64 13.084 14.078 12.954 13.497 13.135 14.125 10.576 13.532 14.612 12.508 12.216 13.701 12.541 14.056 14.692 13.481 12.523 13.298 12.2 13.842 12.734 14.73 12.912 11.63 14.158 13.332 14.164 12.222 13.727 12.93 11.614 13.095 13.343 13.718 
41 14.12 13.423 12.22 13.103 3.474 12.957 13.246 12.371 13.516 13.571 13.193 13.835 13.475 13.728 12.829 13.054 12.836 12.941 11.251 14.003 13.257 13.994 14.12 13.087 13.33 12.84 13.985 12.8 12.483 12.805 12.817 13.092 12.354 13.384 13.303 13.745 13.853 13.982 12.651 12.92 12.458 0 12.72 13.45 13.286 12.659 12.582 13.973 12.301 12.374 14.019 13.029 13.109 12.68 12.706 12.948 13.533 12.679 13.305 11.668 11.565 11.937 12.428 11.59 13.036 14.253 14.076 12.668 13.446 12.56 13.029 12.713 13.631 10.344 13.008 14.088 12.084 12.506 12.875 12.035 13.576 14.078 12.811 11.961 12.614 13.74 13.282 12.914 14.246 12.624 13.366 13.754 12.394 13.524 12.542 12.661 12.924 13.35 12.193 13.071 13.172 
42 15.034 14.443 13.182 13.963 12.872 13.453 13.87 13.447 14.664 14.413 13.375 14.785 14.803 15.052 14.073 13.988 14.1 13.413 12.169 14.861 14.113 15.052 15.078 12.983 14.094 13.95 14.087 13.86 12.985 12.399 10.049 13.976 13.39 13.546 14.609 13.753 14.847 14.828 12.867 13.998 13.722 12.72 0 14.17 13.454 13.597 12.16 15.097 13.499 13.072 15.007 13.217 13.907 12.26 13.67 7.788 14.179 13.649 14.229 11.764 12.309 12.883 13.642 11.942 13.226 15.125 14.926 13.56 14.218 13.614 14.085 13.561 14.473 10.896 13.976 15.018 12.682 13.392 7.945 12.871 13.524 14.278 12.443 12.981 12.282 15.078 14.262 13.764 14.338 13.406 14.236 13.632 12.916 14.26 13.506 10.043 13.73 14.524 10.421 13.551 14.23 
43 15.69 15.007 13.596 11.481 13.576 14.221 11.55 11.623 15.09 14.987 14.751 15.323 15.179 15.474 14.289 14.584 14.346 14.151 12.797 15.617 14.531 15.508 15.61 14.445 14.594 14.6 15.329 14.478 13.997 14.167 14.171 7.312 11.678 14.876 15.115 14.965 15.437 15.58 13.783 14.62 14.112 13.45 14.17 0 14.794 14.139 14.044 15.487 14.065 13.672 15.479 14.239 11.585 14.118 14.31 14.348 6.561 14.269 14.705 13.198 12.811 13.363 14.05 12.862 14.226 15.659 15.616 14.104 6.68 14.052 14.483 14.045 15.165 11.708 14.554 15.664 13.394 14.056 14.357 11.235 14.908 15.438 14.239 13.547 14.052 15.378 14.744 14.266 15.568 14.056 14.878 15.04 13.848 6.494 13.998 14.095 14.316 15.046 13.687 14.297 14.682 
44 15.624 15.103 13.646 14.475 13.414 13.435 14.364 13.911 14.958 14.675 5.269 14.967 15.011 15.292 14.253 14.464 14.268 13.483 12.535 15.613 14.463 15.34 15.568 13.493 14.62 14.55 14.619 14.322 7.683 13.509 13.483 14.378 13.922 4.52 14.873 14.075 14.975 15.48 12.875 14.6 13.886 13.286 13.454 14.794 0 13.939 13.472 15.399 14.011 13.49 15.505 13.285 14.383 13.482 14.238 13.646 14.715 14.197 14.723 12.558 12.781 13.053 13.912 12.816 13.45 15.705 15.504 13.84 14.666 13.97 14.487 13.845 15.155 11.418 14.444 15.606 13.11 13.744 13.655 13.287 14.158 14.722 13.675 13.623 13.496 15.274 14.784 14.208 14.762 13.906 14.554 14.14 12.94 14.87 13.792 13.403 14.216 14.79 12.853 14.307 14.646 
45 14.757 14.112 10.391 13.768 12.765 13.606 13.821 13.268 13.649 13.356 13.706 13.654 13.492 13.899 12.796 13.871 12.755 13.538 11.998 14.754 13.85 13.919 14.805 13.762 13.807 13.439 14.596 13.381 13.102 13.758 13.678 13.671 13.187 13.881 13.56 14.358 13.698 14.663 13.118 13.581 12.525 12.659 13.597 14.139 13.939 0 13.641 13.926 13.2 12.983 14.76 13.478 13.888 13.525 13.483 13.573 14.14 13.348 14.034 12.723 12.402 12.57 12.383 12.063 13.369 14.916 14.751 13.203 14.057 13.195 13.788 13.222 14.194 10.883 13.565 14.887 12.827 10.667 13.51 12.91 14.293 14.829 13.786 12.644 13.491 13.841 13.895 5.393 14.877 13.143 13.167 14.285 13.167 14.075 10.755 13.316 5.411 13.489 12.99 13.57 13.963 
46 14.558 14.185 12.958 13.603 12.604 13.137 13.552 12.993 14.282 14.021 13.327 14.317 14.225 14.536 13.591 13.582 13.518 13.217 12.041 14.549 13.953 14.572 14.702 13.021 13.988 13.744 13.925 13.604 12.643 9.535 11.807 13.51 13.138 13.532 14.341 13.497 14.325 14.548 12.545 13.662 13.368 12.582 12.16 14.044 13.472 13.641 0 14.597 13.123 12.768 14.641 13.003 13.551 10.048 13.59 12.38 13.945 13.557 14.105 11.726 12.315 12.769 13.36 12.008 12.88 14.921 14.622 13.252 13.93 13.24 13.667 13.261 14.163 10.774 13.66 14.8 12.582 13.306 12.187 12.635 13.57 14.114 9.343 12.667 10.086 14.444 13.896 13.704 14.228 13.204 13.964 13.476 12.462 13.9 13.34 12.123 13.874 14.098 11.651 13.473 14.054 
47 16.161 15.538 13.401 15.226 13.947 14.944 15.215 14.636 10.089 11.712 15.278 11.804 9.574 10.403 11.584 15.093 11.487 14.966 13.108 16.13 15.182 4.093 15.979 15.334 15.245 15.103 16.138 14.977 14.648 15.136 15.026 15.107 14.581 15.505 9.488 15.856 11.748 16.103 14.508 15.049 12.245 13.973 15.097 15.487 15.399 13.926 14.597 0 14.57 14.181 15.928 14.886 15.292 14.879 14.753 15.055 15.51 14.672 15.338 14.183 13.7 14.112 12.317 13.469 15.037 16.106 16.043 14.503 15.573 14.759 15.268 14.412 15.564 12.223 15.289 16.075 14.137 13.657 15.15 14.224 15.863 16.287 14.898 14.1 14.811 10.403 15.309 14.033 16.365 14.553 11.219 15.707 14.629 15.489 13.657 15.018 14.129 9.779 14.566 14.804 15.323 
48 12.997 12.502 12.625 13.594 12.355 13.62 13.653 13.18 13.997 13.75 13.726 14.094 14.018 14.315 13.078 12.235 13.141 13.684 11.898 12.944 12.076 14.467 13.285 13.706 12.057 13.579 14.546 13.379 12.932 13.63 13.578 13.639 13.187 13.943 14.016 14.322 14.21 13.001 13.034 13.501 12.901 12.301 13.499 14.065 14.011 13.2 13.123 14.57 0 11.141 13.236 13.538 13.666 13.345 11.075 13.613 13.98 11.008 11.886 12.353 11.994 12.374 12.911 11.805 13.627 13.442 12.947 13.013 14.041 10.261 10.714 12.944 12.694 10.635 10.749 13.341 12.357 13.215 13.552 12.708 14.179 14.849 13.57 10.774 13.161 14.241 12.399 13.481 14.847 9.271 13.747 14.305 12.865 14.021 13.021 13.396 13.521 13.981 12.834 11.64 11.977 
49 12.56 11.811 12.254 13.149 12.42 13.253 13.2 12.623 13.906 13.565 13.261 13.979 13.833 14.14 12.983 9.844 13.054 13.301 11.585 12.523 11.793 14.144 10.978 13.429 11.788 13.046 14.253 12.85 12.671 13.139 13.161 13.288 12.624 13.542 13.845 14.057 13.989 12.406 12.669 13.032 12.666 12.374 13.072 13.672 13.49 12.983 12.768 14.181 11.141 0 10.809 13.133 13.161 13.02 11.53 13.254 13.617 11.395 11.809 12.318 11.735 12.057 12.582 11.76 13.222 10.987 12.436 12.636 13.51 11.644 11.883 12.735 12.277 10.414 12.074 10.87 12.154 12.656 13.179 12.109 13.888 14.488 13.135 10.381 12.918 14.124 11.784 13.128 14.526 11.438 13.504 13.982 12.75 13.528 12.582 13.143 13.156 13.728 12.275 11.503 11.868 
50 14.337 13.83 14.183 15.134 14.183 14.996 15.113 14.46 15.577 15.334 15.318 15.78 15.602 15.785 14.878 7.707 14.887 14.93 13.314 14.336 13.682 16.011 5.039 15.204 13.929 14.717 15.914 14.511 14.494 14.88 14.926 15.093 14.515 15.499 15.524 15.712 15.706 14.319 14.4 14.811 14.533 14.019 15.007 15.479 15.505 14.76 14.641 15.928 13.236 10.809 0 14.89 15.08 14.871 13.227 14.871 15.36 13.414 13.706 14.089 13.524 13.93 14.499 13.477 14.951 5.932 14.167 14.299 15.357 13.455 13.642 14.312 13.958 12.145 13.613 6.101 13.947 14.497 14.9 13.882 15.559 16.215 14.786 12.532 14.871 15.751 13.681 14.819 16.221 13.331 15.247 15.717 14.485 15.433 14.381 14.982 15.007 15.551 14.274 13.468 13.705 
51 15.151 14.646 13.139 13.98 13.117 9.466 13.921 13.228 14.491 14.406 13.202 14.946 14.654 14.957 13.906 13.775 13.867 9.594 12.14 15.034 14.064 14.793 14.877 13.068 14.235 14.097 14.132 14.063 12.658 13.13 13.176 13.845 13.289 13.379 14.508 13.628 14.97 14.947 9.514 14.023 13.739 13.029 13.217 14.239 13.285 13.478 13.003 14.886 13.538 13.133 14.89 0 13.95 12.873 14.061 13.313 14.228 13.938 14.514 12.131 12.34 12.864 13.499 12.333 5.573 15.004 15.063 13.457 14.303 13.647 13.966 13.492 14.58 11.199 14.075 14.897 12.835 13.183 13.034 12.962 13.777 14.245 13.232 13.116 13.065 14.913 14.335 13.727 14.357 13.501 14.405 13.577 9.383 14.243 13.189 13.21 13.827 14.587 12.458 13.804 14.385 
52 15.349 14.898 13.171 5.066 13.167 13.97 4.875 11.24 14.789 14.67 14.268 14.862 14.59 14.967 13.91 14.061 14.015 13.988 12.42 15.166 14.292 15.261 15.217 14.182 14.449 14.115 15.028 13.993 13.502 13.896 13.812 11.065 11.289 14.397 14.73 14.832 15.004 15.103 13.632 14.167 13.757 13.109 13.907 11.585 14.383 13.888 13.551 15.292 13.666 13.161 15.08 13.95 0 13.819 13.913 14.079 11.5 13.94 14.48 13.131 12.562 12.866 13.765 12.363 13.957 15.326 15.221 13.725 11.385 13.631 13.928 13.666 14.654 11.367 14.055 15.261 12.777 13.455 14.012 11.17 14.655 15.195 13.89 13.064 13.801 15.011 14.601 14.039 15.259 13.647 14.481 14.727 13.481 11.437 13.491 13.932 14.205 14.537 13.208 13.93 14.467 
53 15.03 14.477 12.892 13.817 12.666 13.041 13.786 13.081 14.318 14.061 13.287 14.529 14.407 14.746 13.683 13.704 13.766 13.061 12.161 14.847 14.089 14.768 14.912 12.973 14.138 13.842 13.977 13.664 12.817 10.027 12.029 13.678 13.028 13.656 14.295 13.501 14.543 14.836 12.543 13.858 13.36 12.68 12.26 14.118 13.482 13.525 10.048 14.879 13.345 13.02 14.871 12.873 13.819 0 13.528 12.352 14.035 13.519 14.253 11.542 12.341 12.735 13.272 11.996 12.838 15.023 15.04 13.208 14.064 13.434 13.795 13.253 14.469 11.04 13.682 15.04 12.832 13.224 12.383 12.791 13.488 14.342 9.985 12.897 7.97 14.742 14.262 13.694 14.424 13.234 14.07 13.48 12.598 14.188 13.29 12.275 13.742 14.172 11.737 13.761 14.116 
54 13.324 12.737 13.072 13.983 12.792 13.869 13.912 13.541 14.366 13.869 14.101 14.319 14.349 14.584 13.497 12.338 13.584 13.899 12.367 13.457 12.197 14.728 13.458 14.017 12.262 13.684 14.837 13.524 13.329 13.611 13.793 14.038 13.558 14.296 14.193 14.681 14.475 13.338 13.585 13.728 13.274 12.706 13.67 14.31 14.238 13.483 13.59 14.753 11.075 11.53 13.227 14.061 13.913 13.528 0 13.704 14.303 5.497 12.125 12.662 12.305 12.727 13.262 12.306 13.97 13.565 13.242 13.1 14.23 11.258 11.501 13.135 12.941 11.068 11.552 13.562 12.764 13.272 13.759 13.099 14.514 14.962 13.561 11.357 13.534 14.68 12.882 13.552 15.012 11.174 13.878 14.652 13.386 14.364 13.21 13.691 13.66 14.272 13.025 12.231 12.256 
55 15.054 14.565 13.178 14.075 13.114 13.385 13.968 13.387 14.768 14.495 13.561 14.871 14.791 15.046 14.167 14.056 14.222 13.365 12.199 14.931 14.111 15.024 15.006 12.993 14.33 13.916 14.043 13.748 12.921 12.265 9.869 13.998 13.35 13.738 14.647 13.907 14.881 14.832 12.955 13.878 13.852 12.948 7.788 14.348 13.646 13.573 12.38 15.055 13.613 13.254 14.871 13.313 14.079 12.352 13.704 0 14.329 13.711 14.261 11.62 12.443 12.989 13.816 12.054 13.422 15.099 15.028 13.518 14.362 13.414 14.073 13.581 14.561 11.128 14.03 15.01 12.866 13.426 7.531 12.847 13.576 14.348 12.287 12.989 12.306 15.108 14.354 13.794 14.346 13.64 14.184 13.788 12.968 14.382 13.458 9.923 13.792 14.574 10.437 13.645 14.182 
56 15.679 15.062 13.677 11.426 13.543 14.268 11.449 11.66 15.103 15.038 14.652 15.398 15.258 15.483 14.324 14.419 14.421 14.164 12.858 15.534 14.542 15.531 15.593 14.328 14.597 14.531 15.228 14.329 13.878 14.096 14.112 7.261 11.575 14.785 15.19 14.93 15.442 15.507 13.772 14.585 14.113 13.533 14.179 6.561 14.715 14.14 13.945 15.51 13.98 13.617 15.36 14.228 11.5 14.035 14.303 14.329 0 14.17 14.684 13.259 12.808 13.162 14.163 12.859 14.281 15.61 15.643 14.095 6.427 13.975 14.384 14.006 15.082 11.709 14.429 15.609 13.463 13.953 14.35 11.514 14.749 15.417 14.222 13.51 14.063 15.369 14.795 14.331 15.517 13.943 14.873 14.911 13.735 6.601 13.889 14.058 14.277 15.037 13.616 14.35 14.615 
